3102.92	3148.97	535.382	427.201	771.286	497.117	287.687	420.48	592.276	281.407	92.472	64.739	10.39	3955.155	4959.35	3743.671	3584.298	547.823	412.33	3591.973	5917.668	85.742	42.264	300.048	192.506	187.091	202.605	283.017	223.378	345.55	364.597	57.531	103.192	157.764	3.912	55.175	82.479	29.978	36.905
3135.621	3134.222	1890.48	1049.964	1427.594	1513.402	1171.69	1342.367	1392.85	1137.922	158.312	60.689	28.077	4369.906	5439.93	4298.196	4135.432	1147.415	1000.703	4402.93	6664.749	64.203	4.169	754.687	480.673	598.28	605.724	722.389	655.749	1250.172	811.266	76.919	168	154.528	15.294	116.903	82.788	25.054	48.946
3061.975	3117.937	2114.843	1180.498	1593.491	1736.878	1318.045	1544.424	1511.047	1251.13	135.956	91.051	35.895	4269.695	5442.471	4294.803	4233.208	1304.395	1179.122	4599.081	6692.574	67.117	85.725	817.096	624.211	755.007	709.517	831.605	762.046	1473.982	950.798	105.251	151.608	135.234	16.053	49.295	20.72	81.624	91.074
3038.405	3005.757	2423.594	1304.841	1762.464	1959.66	1497.672	1716.517	1769.62	1415.836	156.927	85.097	3.194	4245.502	5318.1	4171.796	3982.152	1312.298	1257.255	4466.246	6560.138	84.447	29.318	1000.161	645.131	842.36	808.772	958.793	869.859	1660.566	946.595	89.042	158.003	158.448	73.17	70.154	65.125	95.244	48.535
3142.74	3067.082	2862.403	1532.538	2060.062	2308.181	1793.581	2113.082	2044.605	1745.28	147.351	40.701	-20.127	4270.141	5436.898	4142.579	4107.015	1528.223	1477.324	4594.582	6664.746	45.711	30.265	1152.431	834.494	994.916	941.792	1056.364	976.362	1890.411	1110.769	49.938	169.531	132.221	10.65	85.991	56.742	11.609	32.171
2992.951	2925.442	3121.505	1728.893	2169.846	2543.994	2015.954	2311.096	2278.776	1906.857	157.673	79.459	-1.92	4257.662	5421.628	4201.951	4020.907	1639.16	1687.217	4602.75	6687.965	44.034	88.642	1308.828	951.208	1140.542	1138.318	1234.079	1116.17	2264.465	1289.826	109.285	197.628	153.541	53.087	115.166	50.79	10.489	46.927
2939.159	2848.633	3140.619	1694.131	2258.738	2641.736	2032.916	2405.821	2383.313	2023.303	119.965	97.308	-4.856	4111.853	5161.846	4002.317	3835.649	1756.299	1785.739	4587.534	6352.353	62.38	36.894	1523.946	1137.787	1381.911	1308.345	1447.2	1289.958	2407.308	1395.78	28.877	195.222	148.486	32.001	103.332	67.002	48.859	67.668
2831.045	2732.749	3638.728	1985.769	2573.472	3080.479	2413.988	2808.488	2766.064	2365.037	139.797	82.622	18.468	4104.059	5104.399	3941.047	3743.104	1908.241	1997.752	4579.322	6445.851	45.423	39.439	1655.373	1214.487	1543.843	1432.974	1570.564	1463.879	2729.16	1553.584	70.801	148.25	115.283	10.886	77.735	39.066	33.011	57.689
3231.568	3170.808	565.714	460.337	714.619	507.554	355.68	452.094	551.074	328.203	91.76	46.399	3.484	4083.993	5129.187	3913.907	3787.381	597.912	416.339	3795.684	6070.879	23.144	33.382	286.644	151.117	196.961	227.687	317.303	249.441	391.483	405.999	64.826	112.727	95.291	4.895	57.604	2.164	27.053	63.203
3210.747	3268.605	560.16	413.647	721.882	529.091	319.357	431.826	525.619	333.788	113.727	67.208	-22.841	4197.835	5324.722	4091.942	4023.471	617.78	491.364	3990.744	6353.442	-11.233	75	267.421	133.89	198.099	193.419	309.503	270.939	418.689	478.14	60.641	213.448	95.422	57.491	63.404	51.761	56.91	10.325
3202.286	3198.782	758.26	525.223	881.384	669.9	395.239	451.678	573.347	355.941	131.63	64.682	4.612	4367.989	5491.299	4227.655	4107.188	620.517	440.462	4119.686	6520.864	108.648	-3.547	331.669	207.536	196.499	192.786	336.949	334.594	490.331	478.909	49.786	172.299	134.658	44.522	34.719	45.834	60.814	50.772
3358.798	3296.812	860.036	575.639	983.146	733.725	471.921	551.544	623.411	418.365	183.756	53.512	-21.102	4452.153	5511.723	4176.692	4176.85	702.688	524.188	4245.556	6770.094	41.209	82.247	368.705	210.544	343.273	304.179	385.628	373.292	558.589	533.499	71.427	156.15	144.779	32.298	9.679	50.888	17.296	45.839
3321.992	3271.977	1019.775	688.094	1057.234	877.191	575.763	759.512	775.695	515.855	157.735	88.815	-14.133	4454.78	5562.597	4260.977	4190.769	799.351	603.985	4210.664	6676.675	62.952	44.09	415.368	268.351	296.495	334.486	430.644	403.655	640.188	569.718	50.614	131.174	170.125	5.635	50.029	33.53	32.492	17.876
3400.775	3356.763	1291.692	717.757	1094.73	986.695	690.569	818.244	803.78	595.085	122.49	39.582	30.786	4467.872	5656.185	4397.604	4223.17	880.784	695.062	4330.409	6813.387	59.067	88.188	499.349	297.51	373.738	372.92	528.475	422.697	793.271	619.173	47.017	152.909	220.744	-7.084	81.857	1.793	37.708	55.468
3316.684	3313.522	1410.679	868.437	1288.385	1157.445	779.565	1013.137	967.264	757.2	139.598	81.111	-18.437	4456.848	5708.341	4355.967	4268.374	1002.302	829.817	4472.498	6840.993	62.356	62.529	543.056	409.739	423.779	418.832	586.806	513.069	885.256	656.5	87.363	174.52	143.602	31.905	36.541	60.944	54.064	50.78
3178.856	3201.169	1730.11	985.941	1407.239	1371.726	1008.426	1199.72	1243.922	1022.518	115.738	64.71	-17.506	4414.73	5456.411	4299.257	4195.132	1045.755	939.882	4270.729	6703.124	30.001	53.862	591.373	413.621	510.263	514.93	635.761	552.41	1080.594	713.917	128.294	194.018	137.044	19.936	41.55	-22.871	28.218	74.384
4137.979	3987.424	5413.114	2811.019	3579.198	4276.694	3381.735	3987.817	3851.079	3389.048	185.4	94.199	16.297	4560.502	5904.481	4347.108	4107.35	2439.686	2713.08	5318.586	7374.448	83.861	52.891	2367.742	1789.596	2241.137	2173.439	2081.349	2180.277	3648.105	2279.68	25.483	136.555	124.379	31.756	33.315	11.523	69.917	69.517
2258.443	1498.534	9570.963	5710.332	6670.135	8960.279	7365.135	8455.449	7800.868	6948.34	260.985	87.086	30.098	3063.048	4388.209	3806.17	3102.996	6331.72	7402.678	6606.412	6741.862	106.126	47.766	6504.791	5589.564	6378.497	6397.347	5650.328	6340.155	9646.196	5914.348	69.879	104.348	88.729	-0.046	150.173	58.048	48.253	18.626
2190.254	1351.939	9688.851	5827.023	6740.459	9208.414	7527.3	8542.244	8069.411	7081.054	246.771	2.183	23.544	2871.079	4158.745	3603.405	2919.13	6400.898	7474.139	6667.482	6546.887	78.982	8.407	6568.418	5703.915	6472.848	6500.037	5668.429	6459.917	9750.806	6050.143	17.392	77.98	71.355	-16.955	117.254	37.459	19.84	90.807
2043.723	1207.504	9497.88	5754.002	6572.066	9180.923	7418.624	8485.679	7823.085	6972.955	207.241	3.233	29.22	2632.156	3904.286	3436.108	2702.63	6376.317	7568.998	6383.89	6117.591	121.443	19.926	6588.48	5584.579	6447.341	6473.077	5707.542	6324.011	9589.312	5966.533	62.504	83.83	122.602	-4.555	98.584	49.59	16.025	68.785
1948.753	1009.824	9511.727	5802.024	6628.131	9125.987	7459.01	8521.667	7979.35	7026.955	209.982	35.329	-41.122	2315.849	3523.116	3208.241	2607.818	6472.218	7611.88	6324.31	5971.381	134.279	28.287	6640.876	5814.128	6483.494	6626.781	5806.441	6633.848	9873.814	6048.482	7.058	97.657	54.964	16.086	104.441	22.48	-0.706	64.191
2287.583	1204.475	9528.167	5669.471	6732.258	9083.149	7468.736	8519.774	7950.059	6914.18	218.961	11.927	4.699	2244.207	3449.856	3231.306	2519.196	6562.8	7635.003	6454.136	5990.684	103.123	34.511	6725.775	5921.206	6676.46	6734.376	5885.906	6720.344	9938.035	6116.148	5.285	59.559	57.867	54.36	62.314	75.132	9.112	59.71
2191.584	1093.074	9632.817	5789.304	6740.932	9267.2	7531.543	8730.968	8132.393	7181.601	246.106	45.443	23.33	2043.569	3156.753	3113.245	2450.188	6747.97	7776.466	6374.638	5779.536	68.524	85.049	6765.08	5910.218	6803.06	6851.066	5973.966	6774.547	10245.08	6229.687	14.528	55.551	4.472	5.668	125.408	5.157	6.374	80.7
1788.19	753.329	9595.462	5798.329	6654.63	9172.333	7559.663	8520.303	7992.947	7047.136	309.611	29.31	-27.719	1931.999	2973.178	2951.086	2378.874	6643.519	7685.005	6292.796	5587.356	72.793	46.822	6706.6	5904.419	6788.024	6823.811	5971.567	6703.762	10132.957	6126.335	80.07	73.747	54.821	-0.19	108.77	47.733	-6.285	94.097
3931.947	3618.649	6627.111	3546.437	4361.824	5430.266	4430.59	5097.211	4852.144	4219.546	262.962	63.963	35.517	4379.813	5640.449	4230.764	3891.011	3177.374	3418.436	5506.237	7138.716	77.549	69.393	3036.075	2433.038	2972.974	3001.055	2687.996	2883.781	4712.654	2894.721	6.295	121.601	168.771	16.596	69.076	-10.165	35.267	39.42
3936.287	3531.462	7619.232	4295.993	5155.45	6613.769	5259.604	6171.422	5871.013	5091.531	293.239	83.189	5.337	4352.357	5968.467	4333.93	4059.069	3838.268	4253.887	5826.911	7593.844	79.3	54.07	3745.499	3080.465	3643.1	3724.773	3241.042	3694.744	5805.004	3567.537	65.177	103.622	97.992	-1.915	101.584	60.417	5.54	39.544
3534.281	3132.12	8177.417	4796.526	5633.032	7340.556	5829.023	6738.643	6363.066	5481.308	245.404	64.036	-20.301	4264.663	5734.838	4351.012	3915.457	4447.051	5005.166	6144.23	7455.441	62.23	24.879	4328.363	3660.455	4340.192	4339.402	3849.634	4342.22	6639.712	4114.141	51.092	120.46	105.102	10.903	49.925	46.929	11.811	60.085
3379.33	3026.33	8796.933	5350.486	6288.686	8009.237	6400.017	7278.029	6930.111	6051.097	283.35	82.013	11.241	4217.912	5738.601	4368.773	3805.204	4874.41	5498.52	6436.683	7575.576	74.207	26.559	4730.425	3982.488	4875.907	4782.003	4211.526	4794.383	7396.7	4649.566	20.483	84.664	110.069	-3.24	136.066	31.66	17.977	123.855
3282.979	2759.951	8936.773	5131.246	6038.954	8285.701	6867.347	7860.593	7448.44	6591.025	320.933	81.587	8.863	3896.561	5462.249	4269.936	3771.767	5480.788	6317.539	6654.909	7559.175	156.758	12.359	5579.996	4708.294	5452.277	5407.09	4738.36	5345.819	8256.003	5120.774	25.969	142.179	88.948	15.168	99.262	2.255	7.183	68.996
2890.756	2327.685	9159.852	5359.143	6388.184	8610.216	7045.958	8127.994	7719.858	6776.213	250.381	64.392	30.63	3701.558	5157.499	4158.582	3611.663	5701.966	6666.49	6551.228	7377.124	62.684	37.424	5608.904	4882.646	5702.846	5736.328	5041.461	5617.417	8524.984	5279.154	47.797	125.898	56.911	3.982	108.214	23.623	12.761	40.946
2750.12	2052.144	9557.745	5579.889	6686.263	9098.275	7401.149	8527.725	7939.305	7031.376	305.221	77.256	27.459	3535.954	4999.115	3949.514	3510.91	6030.665	7071.939	6908.648	7294.414	63.161	35.154	6260.305	5247.527	6129.018	6121.555	5233.324	5974.375	9228.261	5602.709	49.719	105.515	83.005	8.439	40.383	36.889	44.41	83.057
2555.241	1894.449	9589.521	5732.585	6620.171	9041.627	7399.281	8455.389	7961.304	7047.15	302.574	-4.187	-17.481	3208.728	4650.22	3806.711	3259.825	6085.191	7137.29	6686.859	6978.396	52.353	82.637	6099.989	5271.38	6280.941	6174.385	5414.527	6072.995	9333.841	5706.8	52.249	129.89	79.494	9.688	154.481	73.858	8.347	91.54
5541.375	5494.381	944.347	597.488	1046.676	689.208	391.51	625.179	517.853	402.575	5661.577	4526.61	0.925	6520.63	8586.443	6116.947	5731.983	781.784	524.769	5842.154	9862.008	74.79	71.533	437.915	281.734	320.711	343.005	472.986	407.982	636.055	547.753	39.405	189.076	158.058	49.308	60.57	2750.892	1425.046	2670.426
2955.734	2646.77	6331.896	3004.814	3839.027	5019.768	4170.42	4829.039	4785.788	4063.636	6032.662	5401.775	-4.931	3303.545	4613.087	3225.525	2799.382	2745.438	3155.586	4541.206	5732.666	73.116	7.86	2603.49	2175.553	2657.248	2535.48	2595.574	2341.201	4494.32	2296.118	54.969	101.092	49.092	41.848	97.691	4546.802	2497.111	4788.564
2915.67	2394.333	6705.387	3253.636	4035.981	5249.937	4268.637	5049.54	4944.923	4222.78	6302.448	5362.979	20.53	3034.137	4320.835	3088.069	2668.092	2927.497	3364.16	4481.06	5612.258	82.447	65.804	2768.11	2274.964	2879.293	2702.462	2839.639	2508.576	4817.02	2452.281	19.648	74.883	66.779	47.772	138.357	4573.917	2595.547	4867.045
2744.115	2226.389	6955.066	3413.938	4153.573	5612.71	4606.941	5408.622	5167.384	4473.086	6168.953	5297.479	-15.367	2819.079	4103.589	2987.627	2502.023	3104.619	3598.399	4453.08	5339.052	51.441	6.21	3083.231	2503.101	3039.147	2831.932	2860.681	2671.695	5152.389	2702.663	26.239	102.452	78.553	52.33	5.425	4449.639	2520.788	4741.321
2768.374	2207.042	7460.112	3946.239	4741.262	6089.12	4770.184	5744.587	5624.986	4797.1	6472.876	5469.665	36.4	2885.196	4102.495	3000.543	2478.567	3273.646	3786.951	4373.949	5279.67	54.036	44.469	3228.809	2673.336	3290.437	3135.297	3064.255	2811.529	5401.313	2930.801	39.72	120.149	47.985	58.59	79.943	4626.966	2599.25	4856.257
2611.249	1964.131	7387.303	3672.788	4609.625	6057.238	4845.892	5896.919	5607.043	4822	6305.697	5440.366	14.033	2818.481	3970.552	2794.158	2380.587	3359.225	4018.895	4356.835	5073.482	85.729	17.373	3337.856	2860.269	3402.726	3190.605	3261.071	2991.062	5696.629	2966.806	25.554	0.567	37.704	48.835	41.709	4591.814	2512.984	4650.408
2518.416	1927.572	7652.918	3911.117	4665.604	6210.359	5013.294	5863.71	5721.906	4956.849	6284.728	5262.771	-22.571	2609.749	3773.66	2731.706	2309.989	3630.359	4143.436	4543.121	5100.388	71.404	25.81	3606.804	3028.649	3633.843	3471.922	3484.287	3215.624	5981.342	3256.971	38.084	32.263	51.365	18.777	64.072	4506.849	2462.853	4706.349
2335.253	1783.717	7760.396	4004.849	4812.746	6286.908	5205.082	6101.06	5856.932	5104.174	6201.681	5174.059	13.822	2449.968	3469.385	2555.333	2131.16	3529.719	4116.377	4368.077	4727.093	39.54	33.999	3592.114	3000.551	3524.278	3406.829	3558.565	3279.901	5939.738	3263.026	15.905	73.17	53.427	61.238	62.116	4273.101	2241.443	4197.008
5185.869	5031.715	1392.101	732.081	1188.366	988.851	649.863	813.245	782.297	626.585	6273.649	5213.344	-1.34	6091.826	7967.421	5764.359	5417.151	920.441	744.733	5555.007	9326.375	56.885	106.678	610.412	365.419	428.292	379.569	586.226	437.536	894.923	633.468	42.792	154.751	109.9	53.161	44.467	3344.647	1814.911	3367.068
4898.677	4673.514	2191.364	1046.876	1539.091	1436.814	1058.711	1271.974	1228.107	1049.464	6828.197	5678.036	-12.519	5875.326	7614.675	5472.875	5059.927	1128.572	1056.251	5392.414	8829.015	69.798	66.736	839.991	515.324	582.036	558.243	762.108	587.082	1163.103	812.587	20.267	136.811	155.994	64.751	116.069	3906.817	2167.194	3925.804
4542.784	4241.175	3108.554	1455.611	1977.745	2062.44	1590.539	1871.986	1891.316	1645.302	6848.301	5824.111	6.863	5230.153	6993.345	4891.906	4520.113	1287.397	1333.998	5293.235	8261.026	86.847	47.219	1061.523	778.939	863.144	794.079	912.271	833.891	1707.654	994.129	19.976	167.427	146.442	25.132	91.208	4285.742	2319.088	4364.159
4274.342	4055.504	4107.768	1854.31	2471.444	2733.762	2148.278	2553.273	2543.882	2187.473	6953.852	5852.769	-11.809	4817.396	6516.505	4637.965	4241.853	1578.347	1765.555	5042.682	7873.735	51.881	15.748	1313.093	1035.226	1147.863	1154.074	1225.707	1058.857	2384.881	1218.849	27.415	121.292	97.18	68.498	88.381	4550.96	2616.366	4839.114
4082.417	3617.072	4869.456	2292.212	2900.682	3402.953	2614.92	3150.256	3114.092	2671.303	6784.165	5848.78	-13.415	4561.246	6094.121	4334.243	3824.605	1941.868	2117.885	4937.529	7326.093	54.759	39.006	1558.692	1201.248	1511.181	1388.955	1517.428	1286.261	2750.515	1441.073	69.871	210.119	159.253	50.686	105.009	4537.809	2562.062	4723.555
3636.761	3369.902	5444.689	2667.234	3333.912	4017.251	3174.602	3728.963	3641.475	3206.776	6955.342	5877.131	12.224	4301.647	5898.664	4126.445	3659.131	2185.79	2448.498	4832.724	7084.322	57.449	13.597	2018.783	1485.854	1758.711	1652.133	1846.588	1600.454	3286.869	1600.572	-10.385	113.935	131.146	49.129	64.071	4723.567	2726.412	5080.241
3374.163	3093.088	5925.149	2926.329	3631.983	4478.778	3538.355	4120.907	4066.209	3514.349	6540.538	5664.083	-13.96	3796.281	5275.177	3637.871	3223.591	2336.525	2731.206	4608.823	6346.377	60.454	38.273	2279.922	1777.271	2178.584	2035.86	2139.121	1964.426	3874.236	1977.397	20.69	109.615	68.126	39.657	89.523	4635.969	2678.611	5062.06
3276.231	2907.506	6615.638	3365.436	4014.798	5083.165	4027.744	4760.058	4575.095	3991.162	6691.665	5755.299	18.291	3638.453	5074.052	3572.094	3134.835	2669.835	3142.645	4713.646	6238.952	14.086	22.026	2533.989	2124.496	2573.095	2397.818	2458.565	2241.587	4469.922	2323.823	36.763	97.98	67.562	54.282	37.093	4802.85	2727.872	5201.012
218.595	116.574	770.747	258.019	376.443	385.754	278.328	318.759	323.359	322.115	6648.344	5902.042	4667.897	256.772	539.004	154.903	165.712	267.404	314.474	350.223	447.383	377.554	633.131	192.666	60.329	165.357	170.063	202.578	113.566	464.629	112.748	45.053	5293.015	5524.123	7038.454	315.246	4097.694	2717.67	4937.685
207.246	141.513	683.025	292.015	339.206	354.129	265.628	316.446	316.435	295.98	6313.9	5621.208	4152.408	158.125	486.519	134.341	165.502	255.135	300.257	305.024	342.414	304.339	522.014	220.06	101.294	253.203	94.3	139.267	98.675	315.778	102.394	10.234	4492.381	4654.717	5973.832	250.299	3802.206	2559.417	4453.747
209.128	114.691	675.45	239.835	300.29	344.225	204.659	265.133	272.616	246.771	6283.429	5516.825	4126.331	226.102	479.99	168.158	185.369	202.392	252.631	350.617	398.416	290.863	478.364	172.334	71.849	174.267	121.247	170.277	94.435	320.645	132.557	59.29	4601.178	4607.577	5970.688	282.836	3803.997	2544.475	4344.719
200.502	158.093	728.989	242.585	313.022	346.512	215.584	286.861	278.57	269.538	6442.152	5654.026	4162.393	206.581	442.275	139.286	152.184	193.325	244.987	344.604	382.054	280.547	539.926	151.912	79.727	177.077	111.82	133.012	177.163	352.304	101.927	43.184	4678.803	4710.596	6144.913	268.32	3896.782	2550.453	4440.456
216.78	191.194	639.157	230.631	268.368	327.095	218.867	278.395	304.202	231.672	6611.476	5722.645	4232.216	217.818	515.641	127.059	140.628	188.775	274.682	304.937	436.969	290.736	557.616	216.326	71.652	155.715	107.708	114.958	111.784	312.849	89.539	27.554	4601.12	4777.655	6266.617	263.552	3848.486	2546.967	4506.765
188.014	134.385	671.498	253.659	300.454	300.651	180.296	249.345	269.014	229.638	6671.83	5743.634	4150.972	164.057	467.562	129.425	191.988	187.49	202.063	302.305	413.942	285.363	484.976	191.687	103.831	198.246	92.92	145.38	98.621	315.756	104.467	30.273	4585.01	4647.948	6021.264	251.386	3876.527	2489.664	4436.219
184.962	118.593	602.325	259.422	316.822	329.022	214.649	256.6	267.519	224.052	6374.459	5596.035	3965.01	183.988	451.361	157.865	119.731	219.144	201.795	333.686	372.82	277.969	492.984	148.98	69.322	152.59	119.218	111.276	119.949	255.651	38.013	51.29	4296.642	4426.422	5721.309	239.455	3729.123	2361.699	4251.59
146.624	109.586	624.703	226.532	310.21	277.426	236.859	218.854	265.599	245.392	6381.936	5560.649	4045.955	220.843	483.63	176.998	197.51	195.136	251.866	299.184	369.821	265.741	490.294	220.294	80.326	153.738	90.063	132.615	118.28	308.203	123.129	68.852	4472.788	4534.52	5814.713	297.943	3807.261	2452.548	4274.456
207.635	172.172	729.141	294.809	381.781	377.923	233.429	338.138	346.201	272.584	6878.794	5967.388	4584.281	190.207	498.653	148.229	168.853	221.692	310.462	329.193	388.052	305.421	582.53	202.673	125.58	184.017	180.574	138.634	120.319	415.243	144.14	13.02	5182.258	5291.258	6865.91	294.471	4058.18	2701.863	4705.793
176.454	128.974	756.511	235.899	335.319	362.541	270.5	291.04	305.946	266.896	6628.452	5922.919	4568.529	192.889	515.526	185.569	195.077	266.337	335.502	320.611	419.226	303.949	613.184	191.452	117.308	205.349	171.265	187.966	156.616	431.649	144.385	39.419	5256.549	5360.8	6827.683	147.744	4131.61	2811.689	4953.754
228.059	154.485	699.943	275.644	335.488	382.478	226.353	317.163	333.908	303.767	6345.355	5698.227	4347.228	232.338	543.357	155.51	144.002	230.365	313.375	349.234	420.508	314.147	500.092	273.484	139.259	144.888	117.858	128.201	157.208	391.819	108.471	55.972	4963.731	5134.727	6616.226	292.787	3971.594	2658.094	4611.357
188.598	129.047	754.572	278.753	354.099	368.87	265.197	326.351	344.573	308.856	6367.702	5685.481	4320.103	255.867	510.666	141.585	197.423	203.257	315.571	299.72	365.028	317.862	559.592	208.066	108.097	190.674	125.021	133.779	153.953	414.682	166.198	27.685	5016.682	5036.874	6520.791	289.229	4112.131	2748.282	4805.623
193.212	163.341	771.089	275.88	339.788	393.439	283.844	342.809	353.003	287.522	6652.756	5911.686	4353.786	242.391	509.153	158.244	148.338	199.484	279.595	352.721	409.939	306.236	510.504	191.166	79.684	200.544	130.141	178.762	142.573	400.653	99.106	62.502	4954.224	5073.635	6514	270.74	4113.838	2722.923	4782.615
186.362	130.919	705.29	271.666	344.73	316.891	229.912	277.698	303.538	266.444	6670.918	5818.887	4247.004	210.86	512.595	126.749	156.414	225.029	280.896	281.014	377.895	264.921	533.989	150.357	68.376	143.115	119.234	153.586	107.135	413.534	81.639	34.871	4819.715	4893.293	6211.374	246.113	3894.094	2539.973	4526.135
195.859	142.401	704.166	260.589	328.852	349.674	226.525	297.659	303.926	284.2	6746.684	6070.645	4299.452	241.866	520.394	139.706	141.374	250.344	268.887	354.089	431.418	285.498	518.754	193.314	65.454	181.775	122.926	141.032	111.541	378.384	57.766	52.531	4742.096	4832.49	6204.273	287.649	3835.972	2517.689	4504.988
186.968	135.253	707.528	277.385	352.364	396.446	256.794	313.318	300.017	276.466	6710.483	5946.282	4246.962	246.417	508.013	142.644	108.001	215.319	244.822	279.954	360.834	281.219	526.343	182.5	31.117	183.223	93.849	121.537	148.53	382.839	148.64	15.907	4799.445	4848.775	6287.527	319.145	3935.903	2580.492	4601.783
99.064	86.981	741.321	383.512	342.433	507.53	338.113	332.499	397.492	299.423	3804.923	3158.703	25.141	74.499	142.384	111.091	94.53	481.099	720.898	213.411	132.256	3631.886	4952.475	354.935	237.188	162.836	248.345	289.971	256.825	539.289	257.999	52.059	64.628	71.731	58.79	73.757	3132.023	1800.047	3332.441
101.336	70.662	741.07	341.75	312.454	481.058	304.656	367.991	398.093	314.988	3788.42	3105.655	53.869	63.005	134.54	108.732	92.627	463.638	729.917	190.821	43.287	3392.28	4710.326	326.25	202.16	187.63	220.243	261.272	252.272	453.805	204.02	4.222	56.213	87.852	59.882	55.858	2806.443	1504.256	2907.19
105.183	44.058	704.479	342.595	305.208	482.604	266.563	338.007	402.676	287.957	3858.768	3134.386	55.777	65.1	98.691	115.641	89.002	423.971	711.825	142.483	101.522	3388.91	4576.014	290.765	191.333	214.738	264.559	288.428	271.821	510.248	235.265	12.793	78.698	68.628	23.217	48.508	2770.019	1498.311	2950.752
67.634	78.417	735.703	333.244	338.53	431.416	357.127	372.296	421.308	318.113	3918.152	3095.755	39.842	104.14	134.376	96.927	60.911	419.604	658.984	160.428	122.427	3523.295	4733.189	338.989	190.46	156.346	209.671	291.105	221.017	497.374	212.648	-12.497	87.763	90.318	35.892	47.988	2804.909	1510.879	2941.158
70.464	44.267	735.631	338.574	342.952	483.08	305.733	359.792	379.367	342.219	3825.346	3094.185	24.115	120.893	119.801	60.597	94.425	425.401	671.325	175.591	98.666	3411.085	4577.351	353.133	143.978	205.696	233.149	267.702	232.627	521.538	221.745	16.842	76.796	41.471	45.47	65.961	2767.932	1467.841	2800.097
82.412	74.168	749.678	363.798	342.056	500.416	313.83	384.705	401.898	314.139	3767.504	3137.701	8.46	79.354	114.652	52.551	39.336	418.73	565.387	191.749	128.058	3510.983	4745.492	392.139	239.126	199.344	232.153	248.802	266.666	466.498	208.798	17.464	33.526	75.869	20.952	66.405	2833.161	1510.886	2856.982
96.319	55.109	768.31	401.063	357.136	478.161	324.246	382.486	365.678	366.498	4022.882	3301.17	31.372	29.591	118.16	105.101	103.081	487.632	694.475	194.887	116.855	3443.768	4764.256	329.561	180.688	230.04	227.484	299.149	231.489	508.319	267.075	40.486	58.91	70.217	74.499	76.488	2726.362	1437.258	2784.741
118.297	75.754	780.555	357.657	389.677	446.898	303.302	339.487	364.616	356.673	4027.95	3260.687	34.115	87.391	134.688	83.977	51.705	416.571	694.703	218.029	174.568	3497.166	4883.342	304.188	173.097	229.773	233.664	330.985	193.762	496.078	252.668	13.223	96.647	77.272	71.675	32.364	2800.257	1396.084	2858.421
85.791	64.137	769.106	370.531	331.006	525.306	323.387	385.763	398.509	275.445	3907.858	3177	21.149	87.281	135.179	92.928	123.398	483.388	695.563	201.536	162.276	3658.543	4965.045	363.941	182.251	263.936	222.088	291.16	256.649	564.457	255.478	91.579	87.654	44.114	50.196	50.55	3163.773	1749.319	3396.242
83.297	55.132	761.248	353.233	331.286	413.948	336.659	356.242	361.55	326.801	3902.663	3171.36	54.389	48.499	137.862	118.606	139.952	494.301	741.855	189.054	115.265	3541.55	4937.752	361.016	221.759	231.994	255.374	288.993	248.765	511.359	251.977	34.193	83.704	54.383	45.287	64.072	2994.609	1622.363	3186.329
80.615	80.591	746.014	363.269	361.727	498.884	342.801	390.621	395.877	341.151	3878.911	3197.191	27.128	66.244	147.882	111.181	103.798	474.734	702.511	221.16	133.803	3490.61	4669.147	344.079	206.021	208.554	249.903	231.947	187.175	499.379	257.34	37.532	62	75.684	75.552	59.079	2913.369	1604.117	3035.328
68.431	55.444	764.606	393.375	358.343	496.636	314.781	376.354	374.389	309.848	3718.917	3057.828	8.8	94.246	133.89	99.361	131.195	469.296	694.46	225.681	128.787	3484.078	4610.266	323.35	216.667	213.962	261.784	237.282	275.394	512.103	201.322	27.266	50.671	61.6	114.427	50.916	2885.846	1584.767	3025.284
66.614	84.762	724.745	368.504	341.729	468.414	308.41	344.169	385.174	328.328	3953.37	3220.079	35.816	63.809	125.472	68.383	101.285	455.053	695.466	162.876	71.875	3497.377	4790.754	356.211	169.281	192.637	170.027	260.424	253.275	490.658	180.836	24.662	70.065	59.322	29.378	27.252	2897.307	1524.821	2982.191
71.184	41.684	743.336	341.864	311.789	449.121	307.449	367.997	385.965	318.426	3839.601	3076.449	13.79	79.589	125.757	114.622	150.118	459.504	651.172	166.527	85.75	3521.509	4770.253	318.702	179.805	193.05	240.109	231.346	207.164	522.99	244.513	10.723	37.575	22.416	46.87	52.028	2811.78	1565.98	3048.772
97.915	45.656	736.012	358.372	312.327	467.181	291.244	343.053	405.459	300.514	3785.55	3170.287	29.088	57.041	147.083	71.591	139.12	434.957	734.908	210.961	120.587	3371.028	4551.037	316.499	215.354	157.432	198.803	209.452	217.878	546.852	218.748	43.942	68.916	122.202	52.502	29.204	2769.821	1489.6	2910.372
100.746	54.175	739.878	359.055	298.661	485.638	302.92	315.343	372.848	318.87	3879.796	3092.12	41.587	54.264	70.864	109.467	108.916	448.474	679.881	182.089	69.591	3373.066	4690.873	341.741	233.911	189.735	194.352	291.131	238.174	489.859	215.089	19.066	124.56	66.582	36.785	38.791	2790.174	1407.191	2901.271
57.946	57.808	278.347	159.996	94.738	135.915	74.53	51.585	62.808	3.062	6503.729	5863.374	92.768	59.852	365.672	28.15	-19.884	65.909	12.598	79.944	139.214	23.539	27.734	144.939	125.201	77.399	70.3	84.429	110.843	195.614	34.65	220.535	69.209	96.736	41.769	159.512	6538.161	5159.997	8890.733
39.45	55.919	247.467	172.467	134.253	90.545	61.815	55.746	65.202	-6.235	6959.707	6383.769	58.38	113.515	395.632	55.863	45.019	62.899	-3.041	148.763	158.677	32.764	56.15	36.059	65.663	77.226	31.816	14.334	60.482	185.015	91.402	99.483	70.134	69.253	56.468	85.416	7046.435	5752.359	9788.312
46.62	0.905	263.397	188.582	138.535	123.312	30.184	41.726	75.975	7.178	6467.746	5995.011	60.555	105.298	330.109	80.923	66.283	53.865	33.606	94.363	128.823	53.458	65.374	83.632	91.081	62.931	48.289	15.142	36.599	179.236	34.625	90.911	17.068	94.646	52.439	101.838	6991.281	5661.331	9495.298
35.95	27.464	265.848	160.328	72.03	129.508	41.04	65.289	40.73	20.705	6648.496	6119.942	64.852	95.204	372.296	61.92	66.342	58.388	60.9	88.529	193.156	25.996	46.711	7.826	100.668	113.382	45.393	66.242	75.976	185.895	40.217	32.949	7.969	65.365	46.011	93.155	6966.942	5663.635	9560.268
24.592	36.449	231.57	159.3	101.913	99.308	33.177	85.623	94.038	32.169	6646.77	6090.351	44.835	93.862	318.423	12.024	40.196	68.446	35.689	96.424	135.175	26.962	104.12	-2.31	71.169	58.463	65.288	29.387	40.511	161.142	54.974	60.009	17.045	100.778	27.949	94.822	6975.04	5687.516	9605.003
51.431	1.908	270.98	171.506	94.227	124.318	56.82	67.143	80.156	37.083	6577.143	5954.407	25.119	105.766	371.28	55.734	58.374	98.681	37.503	49.81	108.274	46.46	73.529	14.703	76.066	66.114	8.175	46.653	80.401	182.02	52.652	44.764	111.436	75.449	80.37	83.16	6784.999	5518.441	9411.83
55.934	43.318	220.413	152.811	101.665	85.07	56.927	62.246	90.901	21.024	6537.775	5992.398	39.006	123.94	340.041	36.168	54.004	64.823	53.078	63.227	133.689	18.396	37.16	29.95	68.434	79.078	49.936	46.619	37.377	157.151	74.201	72.514	64.338	97.212	79.95	113.552	6875.781	5578.313	9494.939
13.37	4.541	254.233	158.206	103.888	105.411	35.137	53.427	69.196	11.879	6632.664	6189.852	41.086	80.661	358.071	33.588	20.093	49.54	6.919	82.074	142.849	28.225	60.864	126.121	81.494	60.623	87.986	80.245	49.731	101.479	74.328	23.601	61.414	81.288	39.469	85.474	6848.693	5562.405	9361.374
43.918	52.507	285.369	161.616	132.698	128.609	49.512	38.487	61.047	11.488	6251.688	5736.359	58.719	94.208	337.747	68.338	9.083	78.399	35.976	84.362	108.681	75.949	69.788	59.24	72.401	147.326	70.223	143.818	51.694	140.814	36.406	155.614	31.835	89.209	23.489	138.773	6760.878	5473.212	9375.782
78.436	38.361	251.258	181.509	145.361	122.261	49.639	76.436	69.326	13.837	6693.029	6058.009	95.264	130.856	336.823	70.143	13.905	67.713	40.262	132.225	145.804	-0.615	63.395	69.479	57.12	65.302	96.268	100.151	76.13	182.562	11.486	102.699	68.423	50.739	58.739	127.241	6785.872	5627.051	9502.771
44.888	34.776	243.078	146.831	92.722	107.209	62.696	65.843	87.843	26.249	6711.804	6114.411	54.879	78.533	364.045	39.204	-1.4	71.613	59.942	166.763	197.662	2.605	42.902	83.149	84.297	134.41	45.745	94.259	83.916	211.339	64.77	82.013	18.649	72.079	65.844	139.046	6886.936	5682.619	9608.991
28.187	62.779	270.274	196.483	93.232	103.141	54.938	86.444	86.776	-6.929	6555.493	5938.473	63.591	127.372	371.004	79.626	38.205	83.955	43.306	80.884	110.919	61.653	27.535	69.881	81.812	83.791	63.058	76.767	118.946	211.875	79.976	69.964	35.133	73.969	62.536	79.26	6847.429	5733.755	9613.586
10.363	22.15	231.995	166.221	126.688	127.048	67.402	73.139	76.873	-2.995	6069.619	5680.109	92.642	74.933	315.895	32.377	16.039	83.455	41.105	70.471	103.302	57.5	77.859	62.694	63.458	79.334	89.336	52.52	69.386	166.803	85.68	37.071	44.008	73.235	94.844	90.867	6845.402	5515.014	9301.299
44.158	35.756	269.286	232.713	107.112	146.074	66.266	57.66	67.949	8.5	6119.854	5750.352	55.68	74.281	284.606	38.236	57.179	38.926	9.995	102.119	106.896	44.252	54.968	134.818	48.608	64.305	87.345	61.887	39.038	201.964	35.675	132.221	16.576	59.144	81.426	130.275	6766.816	5664.686	9481.278
23.011	42.769	232.834	183.339	77.733	127.383	9.132	57.806	55.32	7.746	6474.494	5927.362	87.515	131.143	362.52	28.443	40.914	53.018	56.981	79.611	98.154	50.297	40.605	106.414	89.699	43.895	57.603	48.588	73.786	191.257	36.956	31.634	29.481	77.987	41.563	86.327	6946.277	5664.786	9575.104
56.908	63.51	247.256	193	110.675	110.835	43.545	59.848	69.24	13.316	6336.189	5860.03	80.738	113.947	383.215	89.226	90.823	72.405	42.697	178.968	163.863	49.507	47.964	53.896	84.686	138.256	67.737	14.965	43.339	171.268	75.689	57.031	124.396	75.914	63.038	72.247	7128.608	5965.302	9934.892
270.009	221.723	1718.16	793.007	850.887	1047.816	784.283	896.32	948.104	823.943	7089.731	6124.006	4334.767	339.016	574.381	183.558	86.415	491.387	647.167	496.143	465.757	1670.772	2362.832	464.507	304.727	401.7	353.801	365.641	333.006	913.369	274.317	77.845	4927.766	5004.028	6566.001	121.815	4138.554	2674.221	4715.361
251.71	170.81	1336.823	572.608	565.395	742.994	512.055	699.541	663.978	518.181	6712.695	5748.106	3750.631	259.969	506.598	160.908	127.42	374.168	551.136	437.317	404.869	1365.721	2024.437	338.086	237.159	277.319	208.647	253.584	234.087	613.433	182.66	45.698	4132.644	4166.657	5575.148	315.892	3897.204	2456.494	4456.226
277.056	182.869	1349.417	524.308	558.49	705.466	560.211	683.347	681.777	561.736	6869.383	5771.975	3706.099	180.913	445.955	159.032	80.296	356.539	476.821	446.566	452.382	1279.072	1894.138	382.101	267.878	266.327	263.392	283.964	208.351	588.902	225.063	47.476	4051.817	4088.313	5466.425	276.079	3795.45	2345.748	4275.999
265.397	174.078	1381.069	548.763	606.087	784.59	513.106	692.759	668.714	561.067	6661.692	5664.595	3600.186	274.749	432.365	153.233	111.835	349.527	494.861	383.438	385.98	1255.928	1849.279	351.647	241.007	266.424	302.535	318.679	271.433	630.032	182.93	60.271	3909.286	3945.391	5343.137	109.741	3691.754	2231.518	4203.531
281.528	184.375	1316.767	530.709	566.937	699.126	539.106	661.513	668.648	584.417	7073.347	5803.588	3691.029	261.062	494.001	174.408	97.655	338.218	492.251	405.305	416.009	1332.156	1921.803	358.209	203.086	299.966	234.738	292.34	235.436	625.722	184.369	75.019	4048.584	4002.575	5447.149	276.294	3839.327	2340.546	4195.675
252.794	157.979	1225.32	541.586	534.308	673.102	496.323	649.157	657.821	506.903	7064.298	5921.625	3693.101	265.818	480.288	204.888	101.804	319.715	449.88	440.408	360.063	1305.103	1837.457	392.443	219.198	271.35	224.527	264.258	182.025	583.5	186.434	51.134	3890.706	3959.726	5301.676	112.419	3740.921	2225.868	4090.138
223.096	194.102	1237.034	550.442	554.932	690.875	477.39	579.136	650.434	497.936	6691	5680.641	3701.797	240.026	465.393	196.508	142.661	354.407	491.077	436.302	379.465	1216.308	1933.85	350.73	199.812	283.113	239.355	304.488	262.111	597.44	232.065	57.153	4090.475	4074.878	5453.424	323.675	3879.372	2382.407	4326.35
250.153	216.352	1204.012	470.117	555.02	596.726	466.895	578.321	589.057	500.256	6580.033	5581.983	3691.251	246.544	501.22	127.584	95.618	334.23	454.612	433.209	444.553	1284.905	1872.384	295.773	211.414	225.478	194.859	228.581	205.157	551.599	208.547	53.783	3892.132	3982.266	5287.895	300.628	3762.521	2248.611	4152.563
301.188	211.509	1568.249	651.57	745.457	896.267	659.548	830.37	833.018	693.463	7223.599	6162.307	4066.3	257.115	493.874	200.19	152.463	436.665	630.031	480.916	440.973	1474.297	2241	450.096	312.777	344.734	290.503	324.921	275.982	757.018	244.134	94.583	4552.78	4610.664	6074.951	334.251	3871.449	2469.982	4424.685
263.241	181.992	1520.831	632.339	717.713	841.489	638.012	731.813	747.846	714.617	7071.435	5955.776	4022.737	256.83	464.509	169.895	157.264	373.94	545.779	397.093	366.325	1456.984	2112.575	489.036	295.367	295.315	272.174	356.307	298.109	723.871	257.63	60.826	4498.154	4417.509	5860.53	348.118	3867.243	2416.738	4293.797
281.789	177.2	1448.63	659.529	729.507	834.061	559.759	690.453	733.561	622.104	6738.814	5815.708	3950.148	276.581	474.18	155.395	96.435	388.143	527.335	475.509	413.78	1476.377	2153.538	384.719	216.214	299.291	261.909	353.194	268.407	750.781	191.548	40.122	4422.778	4467.928	5938.195	282.712	3992.375	2540.156	4550.621
277.893	147.187	1391.005	570.668	660.209	732.379	576.396	705.738	716.874	562.687	6789.292	5790.878	3850.289	249.786	433.348	205.903	93.474	358.493	477.185	443.706	415.401	1355.774	2054.546	447.487	282.83	292.83	285.602	304.387	224.149	732.517	216.66	59.802	4273.444	4309.512	5659.31	262.77	3856.453	2396.92	4291.705
327.326	239.676	1421.921	631.843	646.881	789.483	563.837	693.925	687.15	581.23	6967.298	5909.632	3895.135	306.067	482.675	156.103	124.198	401.319	457.731	525.266	424.071	1346.775	2029.031	438.787	274.348	245.31	290.493	329.715	261.93	733.892	265.293	77.893	4410.968	4388.733	5799.314	291.417	3901.783	2515.633	4495.465
284.831	203.546	1358.819	586.866	613.606	801.175	551.463	665.27	693.239	542.637	6923.505	5902.293	3887.654	203.578	416.482	181.599	124.887	391.833	515.733	379.14	405.709	1381.983	2052.905	341.189	215.85	341.63	232.941	289.008	276.494	606.934	211.282	82.178	4210.919	4247.308	5624.743	65.499	3790.234	2400.057	4379.843
278.124	163.379	1431.844	615.536	674.804	769.292	584.768	667.181	708.026	587.244	6826.869	5857.998	3796.648	252.811	496.105	186.531	79.583	330.938	509.977	448.713	442.691	1328.077	2022.127	303.031	200.714	307.942	256.008	266.311	233.642	658.399	295.97	86.163	4175.061	4229.274	5635.505	313.3	3889.589	2450.95	4374.653
309.109	189.094	1467.708	614.267	677.805	819.237	560.039	708.547	708.511	600.871	6661.614	5693.391	3772.976	275.604	473.349	149.388	110.359	436.507	568.11	397.44	419.828	1333.66	2025.962	423.302	251.116	289.685	269.008	306.441	267.933	690.428	167.945	45.255	4169.174	4112.793	5509.797	255.355	3896.075	2427.35	4343.59
52.883	22.302	272.586	129.653	166.571	166.776	120.031	164.216	123.704	105.395	2211.815	1864.785	63.617	41.356	66.568	41.492	28.737	101.07	197.261	89.421	60.402	956.694	1333.49	95.03	79.615	104.78	37.822	59.705	72.416	171.266	49.586	16.971	-8.475	77.454	38.532	75.168	1723.337	1046.147	2026.066
75.456	46.06	568.907	274.917	219.139	296.788	236.723	277.859	248.976	157.973	4398.134	3862.769	7.142	91.939	228.202	41.045	30.19	176.506	308.671	177.059	132.63	1319.92	1921.04	193.154	92.936	205.721	93.726	161.102	123.513	314.023	88.915	33.227	24.353	47.865	65.83	62.133	3784.804	2863.249	4963.424
88.09	61.471	621.699	288.771	261.755	269.172	213.056	253.757	228.93	183.137	4569.84	4042.15	18.016	97.082	223.201	54.648	21.912	146.234	307.244	219.517	115.585	1366.49	2012.883	170.981	151.099	173.913	108.112	154.067	147.64	392.982	142.214	19.688	16.963	68.503	37.456	53.89	3933.519	3008.581	5111.367
77.43	56.41	537.588	274.656	301.362	259.476	236.67	272.762	227.966	208.567	4076.826	3675.681	25.988	58.958	184.017	62.382	27.018	153.768	276.639	214.903	119.62	1349.831	1969.284	163.331	85.006	170.363	116.946	117.675	131.863	385.216	71.62	28.182	46.607	64.817	62.612	48.835	3791.665	2920.406	5011.701
79.675	37.828	516.93	197.024	225.587	293.282	204.415	200.054	209.727	163.665	4089.949	3723.501	47.656	66.227	166.648	61.753	45.464	219.74	274.108	214.324	133.387	1307.338	1999.352	172.257	85.635	179.686	130.321	179.998	133.322	352.564	122.378	39.834	-11.038	46.568	46.817	44.404	3786.606	2950.97	4896.771
104.862	68.483	524.402	253.193	250.401	272.167	215.676	254.06	227.527	169.86	4121.143	3694.43	31.643	124.26	181.902	57.121	38.772	183.338	260.558	192.237	117.87	1421.715	2010.335	200.708	90.903	169.776	149.873	174.576	131.143	323.36	114.639	8.361	-2.704	59.687	46.773	45.871	3816.878	2872.838	4952.357
75.735	62.976	565.094	279.002	270.373	293.652	231.792	238.804	181.082	171.841	4261.468	3779.639	63.351	84.325	211.864	59.815	51.743	182.133	275.499	199.477	101.754	1407.802	2021.316	180.306	103.069	171.646	127.455	177.781	103.68	367.692	115.412	72.872	19.201	19.436	75.702	43.292	3881.931	2945.009	4961.036
80.03	60.801	586.024	267.069	275.178	262.94	247.047	258.185	256.336	194.464	4191.082	3796.111	50.948	66.903	174.631	51.919	10.38	142.182	294.553	248.456	165.789	1413.537	1984.299	178.418	104.589	165.115	137.212	203.021	121.378	360.566	114.674	12.112	35.142	39.746	72.47	70.166	3922.286	2969.691	5080.391
83.727	27.466	361.452	194.89	170.566	214.734	161.189	138.948	145.982	134.193	2602.721	2180.042	61.435	59.128	80.46	45.786	52.49	138.725	185.41	102.188	74.268	1084.194	1562.226	135.112	93.004	95.734	103.668	135.457	91.239	215.035	89.084	48.882	31.041	84.946	50.486	35.454	2168.862	1423.702	2699.896
68.182	57.89	426.535	197.629	216.318	210.214	171.998	179.343	150.754	86.353	2931.723	2507.029	55.307	93.218	111.434	8.132	-4.287	116.33	215.081	161.556	78.64	1137.828	1571.751	166.734	101.394	143.56	112.01	136.218	81.743	247.007	101.916	38.799	36.08	67.698	68.253	37.405	2467.312	1732.785	3187.965
67.023	75.911	483.724	228.705	250.638	250.304	183.137	184.235	213.789	171.345	3372.675	3017.539	61.24	87.805	135.855	51.107	-7.211	139.92	278.397	143.668	102.112	1295.845	1810.475	193.967	120.13	170.88	133.895	124.428	112.897	345.462	152.553	4.459	-8.974	42.856	65.298	49.457	3267.565	2442.232	4161.695
61.219	85.121	509.723	243.681	251.029	282.761	217.435	234.032	241.54	222.891	3845.349	3382.043	64.366	88.85	161.784	74.163	16.102	152.428	275.846	166.751	100.453	1340.946	1907.827	213.667	103.661	174.327	154.692	166.067	132.761	365.801	109.51	2.826	25.316	58.757	83.556	47.604	3432.277	2541.359	4555.826
73.337	57.197	597.818	252.584	285.864	274.838	225.078	268.317	203.984	187.167	4359.176	3887.798	47.977	53.799	187.268	57.391	21.922	189.893	313.858	208.864	113.317	1407.315	2020.165	183.887	129.868	162.437	127.991	154.387	131.42	352.123	140.618	73.394	3.999	56.509	43.305	46.954	3922.618	2983.709	5068.26
110.105	43.392	606.545	296.86	290.629	313.036	214.014	280.326	253.447	213.855	4131.165	3700.997	53.904	77.06	169.95	51.889	-11.453	194.886	277.671	217.48	174.112	1427.343	1916.143	204.485	139.393	187.336	122.025	139.566	120.459	390.83	69.086	54.619	28.429	27.94	90.921	83.975	3817.768	2817.881	4928.848
106.27	65.014	554.428	261.687	291.933	306.548	240.959	243.623	240.913	205.166	4638.719	3998.513	61.893	57.577	169.406	42.568	-4.85	257.9	321.386	215.584	117.103	1390.099	1969.741	187.869	119.685	200.419	123.195	213.474	169.075	361.196	124.531	23.852	60.292	58.594	46.353	69.711	4033.96	2995.28	5150.347
83.187	73.378	598.342	251.453	294.996	289.747	194.198	217.893	210.329	167.429	4452.679	3933.634	59.301	85.146	200.127	71.774	14.29	212.133	317.239	247.553	136.507	1408.309	1997.631	263.108	148.01	160.003	146.205	133.244	163.629	366.062	111.353	6.329	18.229	46.638	92.272	58.473	3999.096	3027.573	5205.279
3916.642	3909.581	776.754	465.372	828.367	568.142	345.895	495.702	449.004	352.132	206.105	94.229	-18.631	4095.236	5239.453	3799.962	3655.513	730.168	499.042	3837.884	6179.786	63.407	59.284	398.555	206.393	284.624	249.937	371.618	313.223	536.765	426.131	55.554	104.613	118.132	46.349	56.138	46.302	108.837	16.296
3620.328	3531.548	3092.975	1494.19	2070.203	2262.845	1778.398	2111.684	2051.429	1770.04	1954.864	1490.955	-2.752	3911.23	4977.968	3740.342	3428.837	1204.782	1258.36	3983.026	6056.159	38.947	31.928	1036.399	724.937	839.451	823.468	961.425	867.031	1678.326	909.627	15.155	129.478	89.689	6.614	32.002	569.501	246.333	423.206
3490.819	3268.029	3722.591	1848.777	2495.982	2864.22	2219.717	2581.153	2598.562	2212.92	2226.432	1683.353	16.853	3668.671	4751.697	3508.889	3220.918	1446.95	1536.5	3866.952	5764.816	60.177	13.536	1242.88	854.918	1144.78	1054.557	1185.745	1078.293	2079.397	1131.773	69.312	106.804	60.583	36.648	60.361	642.567	287.826	545.527
3305.08	3015.302	4416.543	2238.362	2842.247	3435.48	2645.155	3133.694	3089.224	2690.482	2411.285	1835.315	-3.706	3404.421	4504.849	3257.406	3027.622	1689.482	1815.348	3884.623	5564.532	52.371	11.583	1519.513	1160.931	1386.778	1273.694	1405.574	1244.929	2583.151	1355.159	0.536	82.293	58.002	35.478	6.869	740.057	368.903	671.431
2982.712	2678.803	4862.842	2575.289	3198.307	3979.126	3094.193	3661.83	3578.144	3097.383	2513.827	1922.431	9.367	3107.081	4083.818	2948.728	2713.662	1956.642	2162.736	3806.604	5246.473	64.633	11.906	1790.342	1429.892	1683.75	1607.169	1823.082	1530.071	2959.2	1565.396	34.683	117.269	100.228	3.911	61.913	908.871	395.821	749.667
2738.017	2364.385	5624.014	2985.002	3667.576	4597.897	3695.568	4271.075	4216.077	3592.965	2647.309	2033.41	34.706	2847.109	3837.573	2860.922	2567.516	2255.251	2551.595	3888.656	4972.743	76.996	36.772	2165.676	1765.67	2110.105	1991.428	2185.855	1863.487	3660.477	1936.327	92.764	52.364	66.575	47.138	50.297	1026.111	489.893	837.232
2574.178	2142.184	6015.933	3275.427	4033.771	5164.949	4133.04	4791.076	4548.207	3921.753	2751.784	2132.5	0.786	2823.781	3883.024	2801.525	2560.935	2552.047	2964.575	3986.158	5014.667	32.083	18.151	2458.02	1993.593	2471.869	2287.739	2455.235	2136.125	4198.576	2236.429	58.231	66.879	82.401	33.011	29.505	1125.232	528.813	880.671
2513.273	2001.011	6165.154	3432.685	4206.487	5366.049	4291.539	4979.532	4838.165	4117.756	2647.782	2043.055	-14.008	2637.19	3643.299	2717.52	2366.14	2683.412	3142.217	3963.595	4797.847	42.936	16.045	2598.726	2216.925	2662.352	2491.18	2631.591	2354.92	4507.783	2436.18	49.785	44.987	68.914	28.09	61.278	1112.329	487.345	868.307
3864.154	3871.482	768.139	487.137	907.373	604.379	352.396	480.613	452.927	340.576	178.498	67.433	3.405	3981.824	5084.655	3737.067	3590.564	710.034	509.822	3705.959	5991.414	51.013	56.298	345.593	224.944	285.859	270.858	377.682	325.105	565.731	487.88	65.48	118.866	136.34	37.973	69.93	48.988	95.721	14.924
3947.356	3926.816	758.219	418.45	813.405	540.944	327.717	493.018	455.749	347.598	265.732	121.035	-4.797	3959.277	5081.089	3656.845	3481.205	681.861	472.67	3731.585	6006.822	43.693	36.297	368.826	193.949	310.275	251.589	437.712	292.803	492.437	444.367	72.587	151.263	172.033	14.164	10.239	86.87	76.676	40.874
3910.65	3906.814	807.188	476.254	830.855	586.39	354.043	499.46	487.156	346.475	359.076	206.216	5.324	3928.092	5115.817	3669.755	3630.821	685.626	499.581	3763.866	6112.972	100.451	22.667	399.578	206.926	278.731	255.848	380.152	300.187	562.856	436.736	62.667	105.363	113.297	61.585	40.367	66.42	75.359	65.783
4052.863	3962.663	920.374	532.173	1028.024	668.837	440.317	544.184	570.364	402.131	589.984	365.12	31.223	4053.029	5134.954	3850.09	3548.995	697.653	546.085	3775.537	6026.408	85.067	0.513	342.344	275.83	297.075	298.614	447.563	354.242	599.671	497.501	86.001	125.328	117.644	-11.417	34.843	76.751	68.694	84.556
3868.991	3879.851	1083.508	598.357	1000.458	763.985	507.073	696.955	685.316	529.089	770.002	520.869	-8.5	3979.773	5167.099	3705.669	3545.313	742.086	604.102	3840.406	6107.267	60.423	7.45	473.366	248.966	306.844	312.928	408.366	339.883	662.964	450.064	53.822	77.67	107.753	20.821	69.935	136.364	117.59	109.268
4011.588	3917.306	1412.845	735.052	1186.342	1047.812	667.378	877.758	855.188	649.701	1046.192	726.218	-4.533	4077.518	5208.654	3844.128	3654.241	826.154	642.638	3895.412	6208.525	89.485	48.403	528.987	295.658	318.911	336.767	446.184	372.463	731.169	558.679	56.779	153.716	61.034	-6.153	92.814	194.315	109.398	146.559
3824.802	3775.397	1793.237	898.59	1340.342	1216.589	894.013	1142.37	1096.856	912.477	1301.774	958.018	-2.121	3943.62	5005.909	3689.02	3567.904	888.93	721.851	3840.009	6048	45.274	35.243	651.41	383.096	414.452	427.979	589.912	495.692	984.322	626.342	62.157	121.356	180.844	29.889	55.111	313.655	134.537	239.238
3799.229	3733.023	2361.798	1174.567	1651.235	1703.548	1266.105	1595.63	1533.782	1272.362	1678.64	1198.65	-18.561	4009.996	5214.087	3754.788	3542.911	970.766	965.402	3957.456	6151.946	89.386	47.609	755.45	499.828	603.916	542.042	768.473	586.612	1203.406	780.762	64.663	121.069	122.155	35.531	-0.177	389.932	201.133	317.717
1535.263	235.685	9866.098	6090.463	7001.764	9422.241	7683.456	8817.529	8368.057	7359.572	266.389	34.446	42.783	-22.88	353.487	1768.032	1143.874	8940.511	10377.524	7021.363	4011.293	153.481	206.041	8909.382	8075.667	9516.518	9055.281	9177.785	8554.027	14338.415	8412.445	96.294	2.657	4.043	37.21	168.432	70.739	14.796	83.119
1468.634	199.854	9470.223	5699.159	6529.468	9159.97	7463.78	8570.951	8218.987	7186.201	235.7	4.071	12.712	-39.685	288.534	1807.166	1137.623	8664.134	10221.53	6862.413	4004.405	41.989	146.716	8664.267	7884.155	9248.941	8965.332	9066.125	8452.108	14037.93	8077.495	73.528	-9.163	59.16	64.188	176.283	63.967	30.034	103.132
1219.917	107.784	9360.261	5783.645	6609.039	9118.93	7499.875	8592.153	8197.042	7186.454	263.381	27.598	43.439	-70.197	281.952	1841.745	1179.978	8832.908	10396.186	6940.011	4102.416	40.315	121.022	8669.473	8071.434	9420.591	8956.054	9130.599	8450.142	14148.938	8125.543	115.64	61.175	41.416	30.449	135.026	48.529	21.274	154.308
1408.998	142.95	9820.939	6051.702	6907.236	9327.155	7684.487	8856.969	8386.316	7309.249	286.333	36.813	29.806	-69.557	320.156	1951.851	1159.948	9090.896	10526.467	7164.954	4164.31	84.515	46.717	8773.783	8082.554	9627.805	9057.267	9237.47	8726.022	14266.72	8487.931	85.722	-3.796	30.068	60.377	105.887	60.565	17.37	112.019
1590.045	211.282	9510.027	5597.078	6714.604	9194.006	7574.564	8715.947	8192.104	7226.722	237.685	27.081	20.599	-45.352	368.51	1918.654	1181.96	9004.721	10433.526	7041.715	4218.476	96.511	116.945	8921.324	8189.502	9499.357	9122.662	9303.02	8653.515	14365.706	8371.038	60.968	23.455	20.08	72.459	166.498	73.642	34.005	110.159
1573.154	301.709	9953.566	5979.009	6919.596	9521.029	7780.739	8953.236	8321.659	7416.811	252.502	17.094	41.432	-103.159	310.542	1869.884	1135.656	8989.222	10607.994	7066.029	4157.685	66.038	144.549	8873.57	8166.223	9625.337	9079.886	9223.376	8669.513	14518.065	8452.86	105.907	42.79	-0.799	44.183	166.068	70.016	17.525	70.567
1339.628	163.864	9581.395	5796.862	6675.908	9260.09	7455.853	8766.047	8205.585	7203.233	201.498	5.263	-0.913	-23.934	298.038	1814.47	1152.945	8883.419	10350.114	7066.736	4089.878	104.682	94.053	8743.379	8101.845	9474.975	8905.348	9147.923	8403.705	14173.851	8288.358	83.143	24.312	20.833	78.015	132.585	52.562	-8.877	121.705
1338.144	178.371	9608.658	5844.699	6771.969	9286.806	7548.507	8719.599	8116.125	7106.681	242.605	24.04	-4.692	0.81	341.04	1798.839	1093.563	8671.501	10116.014	6785.03	3927.845	153.866	53.536	8637.597	7815.296	9106.649	8697.799	8941.119	8344.539	13790.694	8171.357	132.271	34.24	13.658	42.339	128.201	58.217	23.379	84.16
1324.603	137.806	9201.089	5655.435	6536.936	8982.928	7444.429	8455.597	7945.272	7034.616	261.036	32.194	3.272	-25.83	303.403	1962.39	1213.341	8907.271	10326.309	7045.855	4113.129	169.35	208.42	8808.328	8247.46	9581.317	9064.984	9314.595	8626.013	14320.518	8482.843	89.453	62.218	-8.283	73.415	145.127	78.353	-4.681	94.709
1267.027	142.233	9209.946	5672	6590.425	9020.014	7341.329	8536.37	8029.988	6954.708	263.11	56.313	1.334	-114.542	249.854	1865.384	1117.783	8754.748	10171.307	6842.935	3991.643	44.221	146.342	8649.382	8058.668	9417.918	8893.003	9063.799	8546.019	14126.195	8278.454	82.535	0.319	30.142	7.428	189.37	56.367	1.105	79.622
1601.446	339.435	9483.324	5789.77	6809.885	9240.386	7547.59	8746.747	8306.507	7210.942	222.945	3.166	39.661	-50.627	353.013	1881.965	1165.495	9060.557	10426.472	7183.143	4164.897	94.604	128.505	8883.361	8165.086	9651.232	9204.926	9402.869	8576.445	14443.487	8480.526	84.462	78.126	66.55	23.383	176.366	67.214	85.908	95.431
1424.153	195.792	9911.68	5970.698	6929.296	9457.23	7687.943	8846.245	8377.103	7380.734	246.701	8.861	0.075	-51.845	343.947	1857.907	1193.722	9201.804	10630.075	7189.948	4112.647	113.177	99.988	9084.601	8285.655	9756.345	9202.886	9362.632	8781.958	14684.405	8545.247	73.856	18.688	-14.523	23.352	189.016	81.485	4.501	121.293
1315.728	166.118	9522.081	5853.338	6898.444	9434.918	7651.937	8721.082	8198.183	7312.382	308.171	4.01	15.379	-42.99	375.741	1838.898	1173.567	8957.168	10467.101	7026.586	4121.162	50.195	144.097	8886.199	8222.635	9512.509	9116.052	9178.864	8665.803	14404.941	8428.211	71.217	13.951	6.095	5.114	167.259	73.818	41.366	58.281
1359.298	158.741	9905.84	5987.707	6935.027	9678.304	7686.19	8875.527	8361.147	7398.148	266.235	4.275	10.437	-36.855	380.841	1885.086	1164.401	9142.909	10703.841	7148.633	4132.142	103.769	93.185	8907.67	8210.714	9584.019	9156.841	9293.737	8693.141	14578.417	8488.617	138.108	39.368	39.49	39.799	169.912	68.18	30.893	107.795
1356.121	124.591	9814.95	6129.296	7122.899	9557.327	7586.966	8769.542	8171.225	7338.516	236.909	18.735	22.498	-47.804	313.858	1857.157	1089.473	8892.455	10462.1	7028.841	4014.519	96.229	145.415	8831.387	8101.563	9370.856	8861.294	9105.439	8506.522	14220.648	8294.959	139.804	31.174	29.975	45.422	143.777	88.588	7.792	129.932
1302.059	164.174	9453.675	5867.484	6752.973	9335.539	7733.277	8910.003	8301.438	7316.973	221.444	11.7	-11.129	-41.671	319.348	1857.502	1157.548	8956.742	10448.456	7041.315	4220.986	96.343	84.487	8856.973	8051.353	9507.259	9001.882	9160.992	8680.644	14220.806	8340.804	127.029	21.035	22.846	59.402	175.176	85.089	13.204	113.32
1888.104	254.353	10397.724	6413.257	7465.619	10157.328	8321.927	9433.309	8836.581	7820.425	253.034	-5.406	59.604	-89.06	324.877	2160.449	1354.446	8960.312	10343.71	7170.494	4513.649	112.712	151.797	9637.974	8648.207	9983.25	10194.376	7981.904	10416.912	13692.639	9229.501	116.671	85.473	-7.389	52.931	203.28	18.964	64.133	123.893
1689.412	165.447	10721.453	6530.54	7682.032	10760.457	8805.413	9938.526	9250.019	8113.738	256.181	1.41	76.13	-85.105	326.159	2222.629	1325.612	9551.054	10773.077	7485.218	4632.675	121.611	160.223	10000.382	9006.781	10307.158	10471.192	8213.748	10609.984	14229.601	9601.036	193.083	55.441	29.806	60.5	150.663	31.278	19.131	59.604
1592.091	295.785	10553.421	6689.758	7670.528	10517.069	8504.371	9688.657	9050.129	7919.641	213.739	34.45	47.728	-13.35	430.049	2209.39	1289.215	9197.379	10478.08	7237.579	4563.735	128.804	163.399	9755.565	8581.776	10064.932	10253.611	7969.225	10359.157	13781.896	9159.092	149.518	40.36	59.441	75.46	151.386	64.792	1.104	150.927
1603.334	198.046	10510.598	6426.169	7648.956	10463.151	8588.667	9670.032	9071.617	8001.058	257.038	18.863	43.039	-102.158	348.476	2235.739	1352.951	9407.674	10774.013	7379.939	4548.299	101.874	111.662	9985.583	8970.936	10298.435	10365.337	8162.12	10502.17	14022.376	9404.45	123.342	11.576	27.924	67.24	186.129	53.395	6.426	94.132
1635.391	227.443	10575.486	6423.079	7555.466	10551.721	8643.324	9802.849	9094.08	7900.675	262.109	40.78	16.382	-68.674	423.671	2212.637	1285.955	9387.322	10675.787	7531.005	4516.844	112.636	82.904	9983.866	8845.805	10276.771	10592.561	8185.191	10581.485	14079.489	9525.498	97.747	50.724	-17.707	58.86	133.958	68.494	30.023	110.61
1918.56	258.848	10950.615	6975.962	8234.297	10963.072	8893.601	10028.972	9299.883	8195.803	269.219	4.052	50.244	24.546	412.012	2222.005	1388.103	9475.788	10732.053	7367.027	4458.655	108.283	168.575	9921.163	8708.774	10137.317	10342.892	7999.383	10517.671	13974.95	9445.178	113.945	43.92	38.614	52.272	206.728	47.554	16.038	59.867
1625.336	155.452	10489.419	6412.031	7521.485	10447.657	8542.809	9778.037	9108.389	8060.33	230.469	14.299	37.694	-81.613	379.827	2184.313	1342.861	9288.312	10756.542	7422.667	4597.907	108.056	110.303	9879.614	8907.925	10271.555	10612.482	8201.936	10592.859	14097.672	9474.7	75.15	19.926	36.6	71.801	229.462	90.073	-22.48	68.412
1883.123	209.722	10727.04	6581.721	7733.422	10497.044	8726.758	9826.21	9131.926	8157.469	260.799	45.759	50.391	-43.369	431.131	2169.008	1279.409	9137.541	10552.17	7287.5	4508.667	116.715	103.206	9793.942	8585.105	10024.588	10314.056	7942.121	10270.406	13904.887	9256.405	85.494	35.175	115.082	107.132	198.066	49.056	-23.298	111.706
1550.029	185.387	10661.618	6970.775	8116.891	10681.021	8439.013	9486.581	8828.116	7822.566	234.276	79.528	36.913	-79.18	306.398	2194.966	1336.874	9035.132	10332.338	7169.859	4470.395	182.056	137.987	9613.451	8614.17	9939.687	10151.344	7956.341	10300.757	13645.419	9146.439	133.398	59.654	54.136	128.534	165.112	17.742	16.45	62.84
1623.813	192.261	10533.903	6500.486	7625.138	10489.597	8510.93	9736.687	9079.827	8039.099	273.484	46.063	-0.639	-96.911	321.912	2259.318	1347.807	9222.665	10301.743	7305.872	4583.234	132.804	166.193	9807.248	8788.149	9976.363	10299.711	8062.311	10374.754	13885.532	9227.238	154.475	22.499	64.382	83.439	209.647	20.165	48.537	105.181
1794.69	231.219	10159.091	6170.88	7198.019	10033.386	8192.73	9326.587	8625.605	7655.829	242.589	16.828	44.141	-55.972	357.084	2173.773	1301.159	8831.92	10091.599	7053.592	4434.353	174.382	112.632	9498.462	8541.385	9845.282	10141.635	7931.734	10247.149	13499.681	9035.031	114.093	56.345	21.176	33.399	171.685	54.064	0.759	88.072
1593.611	201.493	10433.315	6452.703	7592.713	10454.063	8625.402	9579.168	9001.892	7893.478	262.586	45.637	28.233	-34.247	388.286	2224.137	1367.713	9269.318	10523.065	7320.71	4475.24	170.524	146.375	9832.415	8789.863	10072.274	10327.805	8059.692	10387.066	13832.267	9291.498	132.891	65.94	76.08	66.348	140.348	26.8	0.263	81.605
1909.635	288.646	10798.577	6658.15	7819.037	10581.791	8655.698	9796.415	9133.376	8094.483	231.491	15.282	72.689	-43.521	459.442	2259.332	1408.362	9419.75	10647.652	7470.558	4634.457	136.715	182.95	10069.919	8846.571	10303.733	10490.013	8130.975	10632.775	14211.87	9463.211	163.39	44.105	-1.279	85.303	169.752	37.668	-4.461	92.31
1889.049	279.408	10731.392	6666.245	7645.119	10591.813	8626.409	9836.454	9201.087	8099.518	252.168	34.21	37.593	-61.415	352.191	2238.471	1375.287	9355.034	10735.441	7441.504	4605.626	136.765	152.549	10089.495	8900.552	10223.44	10537.921	8093.073	10596.328	14217.679	9587.095	142.07	27.596	12.698	57.379	168.561	42.385	-21.105	109.677
1650.513	204.167	10802.231	6410.91	7635.275	10600.616	8594.669	9894.021	9183.371	8034.861	303.626	8.008	49.702	-48.106	367.74	2270.361	1307.661	9281.341	10680.579	7379.505	4498.938	140.959	168.951	10031.826	8875.75	10257.846	10466.923	8130.724	10559.48	14152.738	9408.301	86.145	49.913	26.087	61.065	162.358	-2.532	13.24	96.571
1893.888	348.938	10524.124	6439.423	7592.697	10405.956	8537.371	9587.39	8902.587	7982.724	250.565	18.369	31.005	16.175	465.919	2306.327	1391.534	9131.4	10328.974	7248.611	4412.396	178.5	152.587	9772.061	8684.458	9978.084	10316.481	7964.578	10351.132	13852.585	9208.117	124.429	23.507	50.526	55.041	185.064	56.638	-6.794	63.938
1415.787	225.981	9627.009	5875.187	6794.371	9237.751	7683.716	8690.042	8284.12	7295.148	223.534	0.496	67.22	-20.713	319.256	1770.141	1165.647	7309.284	8560.202	5773.436	3681.281	110.842	48.602	7231.784	6520.752	7794.851	7490.459	7561.926	7227.86	11582.632	6928.008	123.466	58.066	80.583	48.094	139.76	42.301	30.132	67.927
1382.295	197.499	9790.612	5975.352	6932.197	9614.786	7857.388	9189.641	8457.135	7401.695	293.783	42.565	70.772	-18.238	275.909	1794.62	1128.326	7517.09	8951.23	6021.772	3792.599	122.063	48.761	7647.27	6873.72	8028.817	7689.626	7727.951	7425.48	11936.878	7036.954	83.777	11.244	61.286	21.486	113.78	68.96	-0.703	135.129
1637.31	190.823	9670.152	5967.562	6937.549	9527.353	7900.222	8996.729	8491.301	7402.784	231.011	-5.222	58.232	36.629	345.71	1835.795	1148.688	7635.614	8978.172	6191.693	3761.615	67.028	68.084	7648.347	6887.015	8052.01	7632.179	7756.511	7520.016	11768.976	7048.097	10.982	51.435	22.138	43.218	134.101	52.347	-25.271	83.114
1424.126	180.593	9967.591	6035.593	7122.545	9649.934	8041.197	9009.155	8550.912	7557.962	173.201	-2.509	-12.578	-83.088	305.745	1832.829	1171.519	7643.18	9070.869	6063.865	3807.984	135.25	99.451	7717.265	6935.728	8020.066	7545.904	7842.1	7465.635	12021.362	6985.164	93.074	62.245	45.752	78.513	122.083	41.347	56.441	54.358
1418.037	137.721	10450.246	6280.042	7229.458	10020.696	8278.99	9343.231	8949.319	7859.758	252.402	-10.515	71.151	-42.443	257.055	1872.476	1118.196	8018.529	9428.119	6304.433	3924.35	131.554	55.053	7855.275	7054.332	8268.206	7964.485	7994.129	7666.247	12501.66	7256.793	92.531	32.912	32.02	53.735	128.169	32.012	20.043	61.476
1469.615	199.796	10097.676	6123.853	7158.206	9760.891	8099.439	9223.297	8756.28	7762.144	254.645	26.299	45.726	-20.592	269.453	1804.68	1130.492	7726.349	9229.85	6112.99	3739.739	88.791	100.258	7553.318	6846.739	8076.291	7772.364	7794.201	7405.769	12150.571	7004.277	91.092	80.995	71.124	10.819	179.436	73.866	7.46	69.821
1391.34	167.253	10070.709	6116.027	7063.884	9788.845	8016.247	9167.807	8680.015	7625.445	200.445	21.303	19.581	-81.357	287.026	1795.575	1122.845	7620.247	9069.125	6093.483	3765.091	107.185	48.468	7428.425	6652.954	7904.35	7642.062	7655.756	7328.194	11873.773	6975.54	81.125	50.107	62.654	16.114	95.38	63.908	-12.174	90.797
1449.11	98.415	10252.098	6288.83	7169.069	9900.403	8196.446	9414.465	8833.72	7763.457	227.128	23.641	53.035	-22.662	270.637	1864.072	1116.046	8056.142	9363.523	6368.39	3883.326	97.319	61.928	7962.191	7207.193	8367.066	7920.616	8093.762	7675.781	12490.243	7289.825	44.149	29.313	47.513	88.283	118.472	35.504	1.037	69.895
1439.658	149.989	9458.033	5645.246	6552.329	9184.955	7610.039	8681.249	8152.085	7305.131	220.816	35.163	47.779	-40.528	266.885	1842.788	1139.537	7310.489	8469.211	5803.677	3717.958	95.878	86.422	7108.888	6523.641	7825.622	7345.627	7495.026	7226.047	11591.923	6855.185	139.415	65.011	20.247	0.59	185.148	-1.789	4.32	73.303
1536.918	223.58	9631.476	5871.509	6800.103	9340.872	7794.66	8958.349	8346.266	7258.544	189.596	19.153	32.479	-26.929	237.541	1743.991	1092.805	7407.155	8778.964	5890.919	3699.636	138.293	46.665	7443.574	6746.646	7827.738	7631.509	7744.821	7346.924	11755.354	6873.961	76.133	40.638	43.065	-9.405	101.578	56.171	-9.558	90.076
1405.667	148.929	9841.13	5917.858	6954.461	9510.947	7827.117	8996.594	8480.597	7462.236	240.837	38.222	43.039	-17.838	284.079	1797.597	1171.762	7466.052	8814.297	6028.399	3733.882	94.079	43.182	7550.014	6870.023	7868.992	7552.094	7633.132	7497.307	11722.624	7038.904	95.099	-2.003	62.68	35.141	108.008	55.658	40.682	72.079
1617.544	270.133	9698.877	5952.442	6953.462	9430.963	7774.789	8858.209	8355.89	7401.089	202.498	4.768	58.098	-6.291	294.15	1836.706	1152.244	7566.125	8964.539	6044.1	3810.911	109.778	28.22	7621.298	6951.963	8086.933	7745.805	7785.482	7407.506	11946.524	7097.859	52.269	30.65	39.319	50.86	106.5	58.142	-5.276	82.803
1600.5	223.08	9742.364	5936.457	6896.003	9435.057	7863.106	8930.356	8372.194	7497.399	253.387	18.327	94.864	5.625	296.144	1827.126	1154.81	7483.921	8793.76	5933.195	3707.281	101.554	54.055	7548.596	6916.61	7901.927	7566.093	7663.598	7336.296	11805.387	6988.472	20.915	16.828	46.663	37.121	152.463	67.164	-9.351	125.367
1460.805	159.058	9952.949	6054.3	7028.199	9681.634	8016.782	9225.852	8653.633	7626.759	245.497	25.887	72.603	-71.568	304.737	1887.98	1123.934	7685.761	8980.989	6171.883	3817.49	73.58	90.856	7515.121	6845.196	8058.83	7756.946	7916.101	7606.192	12066.61	7118.539	88.939	16.044	37.123	38.178	126.161	51.764	-4.186	57.155
1448.331	182.654	10058.285	6069.819	7176.3	9708.27	7920.151	9094.221	8554.719	7416.788	202.306	13.181	58.169	-25.05	226.966	1837.474	1152.334	7753.928	9119.431	6026.913	3786.428	53.462	92.88	7493.555	6845.315	8102.177	7666.541	7789.836	7525.471	12059.733	7049.329	65.839	23.49	51.961	-0.65	106.168	51.133	-22.236	123.175
1445.031	170.275	10006.548	6218.542	6986.029	9678.335	8072.923	9126.623	8614.196	7612.913	229.664	-6.178	47.699	0.388	291.176	1800.009	1094.836	7706.909	9232.469	6150.424	3784.461	66.724	96.305	7670.627	6981.239	8074.541	7636.167	7770.155	7572.233	12048.128	7152.461	91.426	17.85	95.168	-6.646	114.026	41.244	-19.018	53.159
767.423	164.628	4711.016	2813.228	3283.777	4590.597	3746.968	4263.199	4059.902	3586.514	121.822	21.634	25.175	0.969	230.682	1027.43	647.086	4748.324	5585.226	3839.843	2260.76	269.572	432.064	4870.9	4654.357	5413.29	5203.592	5304.987	4855.002	8241.203	4873.484	14690.866	26.007	39.872	74.088	9116.083	23.134	29.263	113.31
889.109	120.177	5999.746	3676.988	4339.315	6060.266	4951.515	5635.401	5307.211	4736.657	177.814	14.361	34.069	-34.001	224.533	1407.556	840.515	6170.642	7195.872	4989.041	2996.013	113.347	210.497	6248.063	5818.656	6830.087	6632.254	6702.447	6239.013	10162.178	6074.496	16921.738	42.474	32.829	23.002	10485.21	55.976	-11.382	101.823
1013.717	135.34	6042.01	3791.846	4311.388	6106.458	4984.64	5667.146	5373.562	4750.531	187.893	3.633	5.321	92.052	311.701	1448.631	895.735	6263.714	7429.856	5074.642	3007.457	100.807	236.881	6365.96	5895.764	6914.644	6633.069	6676.6	6382.782	10289.955	6103.405	16073.094	52.399	-3.807	41.793	9837.595	49.581	15.45	139.927
858.771	153.917	5904.315	3712.603	4318.081	6101.441	4916.24	5695.782	5288.612	4739.471	192.02	6.897	8.202	6.34	308.535	1448.688	888.224	6308.675	7309.969	5105.666	3036.982	103.863	219.079	6299.011	5991.762	6947.113	6745.26	6805.643	6298.808	10342.409	6162.018	15696.094	34.593	41.952	20.556	9613.874	72.329	-2.015	98.436
1128.415	230.981	6088.712	3802.658	4336.058	6169.378	5070.148	5754.784	5391.945	4814.798	164.548	38.226	9.228	-56.93	283.631	1454.541	884.086	6451.713	7489.22	5238.629	3099.638	137.547	287.161	6469.407	6041.202	7166.41	6903.473	6896.168	6539.503	10606.106	6245.595	15921.673	72.199	80.359	26.377	9720.557	79.494	14.464	135.73
884.048	69.867	5766.33	3726.703	4279.312	6071.357	4934.069	5612.159	5217.564	4674.823	188.173	-0.56	19.369	-76.128	258.298	1517.771	903.215	6301.037	7432.424	5131.829	3077.096	97.643	225.972	6376.838	5948.831	7120.967	6882.972	6857.311	6453.671	10542.702	6271.528	15296.421	50.558	48.398	54.789	9340.037	74.778	-11.486	119.974
853.417	126.417	5996.797	3764.069	4229.22	6144.144	4978.027	5616.564	5343.389	4757.51	179.833	22.698	31.533	-9.874	308.52	1457.612	933.745	6326.725	7303.599	5084.399	2985.597	62.709	204.285	6344.476	5974.23	6974.39	6780.423	6734.773	6382.647	10358.484	6174.253	15606.871	7.76	123.588	78.276	9501.264	24.448	37.411	79.411
874.644	103.163	6108.815	3837.254	4401.723	6160.806	5108.882	5812.657	5525.777	4829.806	169.88	12.931	23.477	-44.516	254.007	1511.489	961.305	6581.289	7608.415	5319.999	3122.706	71.271	214.089	6579.305	6135.289	7234.433	6982.355	7020.628	6502.03	10758.477	6455.076	15785.138	35.52	14.354	68.234	9543.343	58.193	35.752	58.66
758.494	119.45	5354.954	3232.087	3670.214	5212.054	4256.975	4878.233	4702.303	4120.155	163.611	16.609	37.358	-7.151	232.113	1165.713	675.273	5463.84	6284.17	4291.763	2459.209	156.279	330.071	5478.41	5018.101	6122.702	5782.597	5831.267	5393.951	9204.677	5373.401	16466.183	58.531	92.265	62.504	10398.182	72.093	-19.609	80.036
936.334	204.452	5266.523	3191.209	3707.441	5278.974	4259.926	4945.853	4596.04	4029.923	196.753	7.553	44.294	-27.121	271.961	1137.053	734.015	5362.88	6283.972	4331.003	2488.237	105.349	280.747	5438.685	5109.751	6083.435	5838.753	5910.508	5410.71	9210.552	5367.584	15801.894	50.063	21.615	65.529	9894.386	35.556	28.07	74.679
926.564	154.403	5410	3324.373	3785.801	5537.473	4387.153	4989.725	4743.384	4232.855	195.615	38.015	34.939	-73.041	190.413	1212.674	784.318	5481.963	6520.093	4475.43	2595.227	130.289	288.705	5637.235	5241.849	6261.221	5965.804	6040.373	5586.153	9312.888	5508.676	17343.305	10.258	52.722	79.896	10803.945	62.537	13.573	108.712
987.567	140.583	5813.708	3571.733	4054.365	5759.878	4673.797	5352.175	5084.911	4453.526	137.982	17.417	31.502	-9.767	245.68	1296.216	825.662	5827.327	6721.191	4660.349	2622.629	98.334	249.937	5886.432	5415.999	6421.473	6115.527	6255.975	5738.165	9642.92	5736.736	17634.119	38.802	76.749	23.441	11085.833	69.123	34.671	100.265
801.54	102.049	5855.234	3568.917	4121.912	5836.917	4740.862	5477.526	5153.13	4588.682	191.888	22.337	19.926	-4.083	267.557	1272.611	757.407	5887.889	6861.523	4685.044	2650.695	124.964	250.596	6053.417	5542.052	6538.991	6264.496	6406.014	5757.636	9801.05	5761.876	17037.845	-10.66	39.1	71.842	10524.533	11.376	-22.365	99.21
906.386	111.51	6243.6	3752.937	4320.44	6169.149	5031.157	5739.325	5442.853	4788.659	181.443	29.689	3.377	18.561	289.696	1320.404	901.3	6204.551	7299.997	4985.02	2830.32	93.375	232.321	6201.443	5767.646	6880.167	6618.107	6549.799	6078.61	10356.891	6027.563	18475.686	57.238	76.657	51.01	11425.014	52.877	-9.173	139.944
877.555	142.479	5998.285	3648.635	4183.286	5993.917	4896.892	5631.963	5328.88	4629.357	200.872	4.947	20.339	-51.378	223.885	1306.096	852.939	6048.605	7014.714	4867.813	2780.599	87.753	238.813	6130.073	5708.607	6770.14	6433.518	6538.984	6088.095	10032.767	5886.544	17121.486	70.851	79.65	38.681	10495.192	64.889	12.176	120.817
866.898	91.565	6179.369	3779.866	4506.184	6200.575	5044.248	5815.623	5552.587	4754.492	159.255	21.513	41.377	-28.121	218.068	1425.583	882.033	6371.309	7474.955	5170.465	2976.813	93.913	246.915	6414.985	5980.478	7131.794	6763.58	6910.172	6399.976	10612.506	6326.183	17290.568	31.384	77.894	-1.263	10611.487	36.538	38.259	37.308
1216.916	161.384	8604.813	5057.571	5785.857	8193.256	6659.361	7734.954	7254.246	6305.512	246.585	77.093	22.186	-2.827	376.882	1620.92	962.654	8630.361	9895.064	6716.274	3634.828	150.15	249.557	8406.855	7821.922	9206.714	8741.194	9004.27	8099.93	13869.989	8135.805	23651.031	34.969	-12.458	88.244	14776.645	53.333	32.975	93.997
1200.706	190.381	8747.603	5295.173	6142.224	8506.079	7006.352	8033.245	7636.384	6659.178	275.352	74.619	12.194	-1.029	430.349	1747.942	1177.536	8803.436	10252.754	6909.883	3937.415	69.903	148.254	8563.515	8038.978	9304.756	8842.382	8964.746	8377.522	13826.762	8061.55	20227.47	14.636	43.51	49.495	12533.141	18.352	1.385	73.451
1461.969	253.493	8834.382	5377.039	6141.79	8578.91	7012.246	8010.607	7609.187	6823.533	217.81	46.423	2.017	5.379	350	1669.788	1130.362	8785.136	10288.073	6894.631	3941.554	40.951	179.021	8545.823	7841.792	9280.198	8765.538	8875.821	8341.704	13906.671	8044.426	20458.235	40.613	31.95	33.531	12614.279	92.475	-5.765	109.905
1246.146	141.249	8603.196	5215.096	6123.187	8302.819	6845.258	7876.305	7482.618	6571.37	238.375	46.717	59.654	123.289	414.819	1797.077	1137.872	8740.588	10182.567	6829.194	3863.762	63.949	115.44	8610.942	7980.026	9303.662	8779.887	9004.346	8228.245	13967.569	8030.14	18700.04	35.288	45.377	47.257	11603.637	31.507	2.069	119.722
1420.647	267.894	8717.772	5242.617	6049.729	8432.148	7009.323	8017.511	7573.513	6623.931	237.976	22.719	7.138	-37.036	377.26	1782.944	1141.821	8762.668	10256.961	6795.842	3938.336	70.454	176.39	8484.567	7777.772	9302.607	8806.463	8848.028	8216.554	13846.365	8004.412	17522.744	8.341	33.693	91.177	10925.243	41.747	-1.973	48.739
1279.693	206.155	8712.648	5354.08	6147.833	8455.72	6987.841	8012.118	7539.27	6652.881	211.008	55.076	55.649	-19.603	373.417	1810.286	1052.03	8575.695	10106.868	6816.748	3862.549	52.711	154.69	8567.255	7781.152	9083.531	8623.531	8891.094	8282.404	13661.91	7986.877	17604.48	-0.697	47.376	17.118	10965.758	51.583	-15.897	109.811
1312.674	183.597	8546.434	5308.857	6027.442	8546.954	6879.519	7906.793	7493.336	6597.873	256.095	71.989	40.768	-1.106	347.794	1807.143	1130.078	8730.17	10153.314	6783.725	3889.036	62.218	160.978	8499.175	7823.703	9241.145	8670.467	8847.042	8166.193	13715.945	8003.897	16755.47	25.955	60.258	84.167	10481.703	54.676	6.032	92.06
1268.726	155.397	8523.175	5281.164	5993.159	8457.803	6799.543	7858.57	7462.76	6513.571	239.555	44.2	38.347	-44.482	319.605	1898.3	1217.362	8850.722	10318.627	6950.879	4020.246	62.362	109.621	8720.694	8039.813	9530.776	8920.537	9107.126	8465.844	13906.342	8157.391	15972.686	46.17	42.961	97.86	9991.772	-3.786	-30.111	87.985
1269.426	228.333	8586.824	5121.418	5940.349	8110.755	6817.474	7730.19	7275.313	6428.741	259.144	64.926	11.244	-33.211	335.7	1725.354	987.566	8710.954	10101.778	6737.83	3717.051	94.385	172.747	8598.163	7894.047	9380.856	8719.121	9024.868	8154.797	14012.185	8115.41	23644.964	55.314	26.787	55.246	14901.624	51.11	-2.298	94.342
1312.001	256.789	8314.075	5125.773	5897.643	8139.912	6670.478	7628.787	7111.236	6443.717	234.634	65.223	-32.628	-45.062	369.564	1565.214	1042.651	8281.949	9539.945	6463.122	3567.724	98.808	154.11	8194.265	7410.254	8861.926	8299.566	8470.871	7755.494	13351.716	7736.661	22488.92	48.309	61.14	57.126	14077.324	21.256	36.004	31.898
1129.939	147.2	8458.289	5109.593	5931.058	8197.11	6713.041	7622.612	7213.757	6329.139	258.705	71.751	16.582	-42.418	350.224	1598.367	1027.587	8325.29	9676.152	6434.922	3579.812	56.027	142.708	8238.846	7487.142	8885.115	8349.711	8509.945	7781.12	13273.893	7819.37	22636.586	14.834	80.498	31.871	14160.852	58.789	38.637	120.69
1397.05	195.83	8710.825	5342.506	6126.068	8416.813	6823.527	7887.544	7349.518	6473.475	273.847	54.887	2.403	-89.697	276.543	1633.348	1002.43	8239.269	9714.348	6435.984	3602.1	96.262	145.88	8135.338	7483.235	8766.477	8415.882	8404.665	7808.652	13270.026	7530.85	22068.324	-13.582	22.018	64.981	13845.717	90.322	26.312	121.17
1192.732	204.958	8281.564	5139.193	5958.089	8139.967	6544.787	7587.603	7202.074	6355.321	184.187	38.213	15.879	-26.905	364.844	1730.239	1083.205	8222.07	9578.94	6550.236	3647.1	60.825	172.666	8164.919	7432.462	8593.376	8315.553	8616.97	7923.454	13120.374	7594.706	21785.163	20.903	-10.709	78.211	13433.378	22.463	86.144	46.059
1189.897	221.511	8520.66	5109.131	5967.543	8278.603	6779.994	7779.362	7491.141	6522.997	201.683	24.309	65.764	-4.459	380.054	1700.397	1044.324	8471.257	9714.56	6548.457	3728.298	38.25	151.024	8135.484	7553.441	8771.398	8400.315	8545.647	7885.752	13333.057	7736.517	21878.842	33.229	7.537	114.133	13581.04	17.748	57.572	126.01
1187.574	167.106	8675.828	5182.554	6055.132	8323.839	6802.496	7881.395	7439.789	6436.247	267.278	90.052	57.063	-59.861	332.635	1782.404	1095.172	8673.436	9916.196	6719.238	3740.918	95.281	155.554	8573.556	7722.424	9191.626	8612.364	8818.962	8117.073	13708.394	7976.802	20339.768	-5.694	35.975	59.518	12585.701	14.949	2.569	69.54
1279.091	207.66	8676.401	5243.256	6068.026	8517.855	6998.55	7948.343	7599.235	6663.502	243.458	36.266	-10.377	-28.793	348.335	1762.534	1063.048	8803.569	10256.442	6871.955	3914.479	32.342	156.724	8544.087	7916.721	9302.996	8841.18	8985.794	8234.019	13841.157	8158.529	21342.749	0.157	21.168	61.975	13309.347	35.953	7.688	106.061
1671.283	160.433	11834.438	6900.981	8138.439	11311.085	9240.769	10572.52	9992.688	8812.647	283.597	27.834	3.596	-74.013	373.551	1979.776	1310.057	10161.458	11621.65	7999.16	4429.408	228.43	316.029	10432.017	9486.374	11005.951	10492.122	10141.324	10032.916	16407.048	9793.191	14577.319	91.757	21.43	68.693	9527.555	0.712	-17.853	135.986
1610.075	172.158	11685.277	6942.95	8022.058	10954.343	8987.893	10466.013	9931.741	8682.211	319.828	12.774	7.929	-62.669	393.218	2033.032	1250.321	10011.423	11491.289	7637.706	4351.467	133.437	181.972	10155.732	9229.246	10761.63	10233.8	9939.848	9789.079	16146.99	9570.445	11349.229	49.786	16.296	29.715	7229.91	15.227	35.916	53.504
1685.809	195.501	11789.748	6943.759	8197.452	11272.864	9201.606	10704.215	9957.835	8756.604	270.726	71.059	29.75	-53.912	374.753	1978.311	1279.625	10231.559	11788.554	7844.862	4424.824	181.075	167.609	10338.553	9357.427	11018.391	10499.261	10136.748	10052.986	16310.283	9678.604	11298.483	-30.629	19.249	23.419	7273.533	20.577	7.259	77.503
1657.947	238.337	12113.054	7082.245	8194.908	11272.478	9290.245	10683.362	10067.784	8824.81	319.899	30.246	47.166	-80.074	333.604	2006.256	1266.713	10177.936	11804.045	7911.465	4391.058	152.925	137.131	10392.864	9326.42	11000.74	10466.482	10200.856	9989.056	16320.63	9765.088	11216.18	24.272	41.544	80.005	6999.966	7.988	44.619	119.854
1606.333	154.45	11857.759	7156.185	8329.559	11326.821	8947.357	10369.758	9866.75	8583.61	286.295	41.028	11.796	-53.643	378.755	1992.768	1289.551	10043.537	11616.841	7831.588	4331.932	156.308	179.6	10291.201	9307.596	10878.418	10301.819	10018.921	9866.78	16214.011	9590.964	11337.669	34.924	31.819	77.129	7175.53	26.654	-5.709	126.347
1609.321	222.309	12024.426	7100.529	8203.836	11217.839	9274.812	10751.024	10188.422	8790.693	302.554	43.115	14.341	-52.012	409.917	2058.059	1320.717	10228.521	11791.646	7851.77	4318.675	122.985	156.572	10396.195	9342.877	10965.513	10392.472	10042.465	9896.454	16228.93	9619.312	10887.092	35.829	23.677	55.112	6815.058	-0.895	38.598	101.233
1683.501	197.317	11948.379	7053.544	8338.823	11258.405	9284.017	10791.438	10149.24	8912.578	252.031	51.414	30.589	-47.813	387.797	1938.832	1245.871	9977.935	11774.66	7877.915	4260.616	182.078	211.589	10344.038	9225.221	10853.471	10257.162	10030.887	9837.874	16276.621	9566.319	10899.887	89.576	59.632	54.917	6838.768	5.962	5.697	83.869
1576.869	157.771	11785.792	6841.937	8040.208	11016.345	9092.603	10398.702	9850.877	8768.309	289.063	101.834	2.254	-50.603	347.32	1963.263	1248.265	10000.348	11625.726	7806.217	4359.294	175.698	181.421	10250.655	9337.735	10607.362	10357.487	9962.584	9657.654	16062.772	9588.209	10637.171	44.967	33.046	45.724	6662.787	28.312	26.637	44.506
1864.174	289.536	12120.017	7145.846	8419.274	11402.253	9160.825	10667.491	10135.451	8821.515	306.326	45.941	38.478	-54.241	400.777	2058.345	1308.507	10379.627	11949.565	7948.619	4460.937	230.673	285.802	10479.25	9464.218	11114.897	10603.679	10134.199	10101.549	16567.519	9863.315	14449.203	48.287	53.827	49.198	9272.469	21.304	-15.721	28.346
1834.159	266.645	11858.081	7130.22	8318.648	11246.462	9270.962	10739.58	10078.606	8812.837	278.995	50.261	41.538	-91.754	404.792	1979.113	1298.766	10127.436	11761.017	7893.75	4349.922	176.767	218.59	10344.634	9590.056	10812.85	10576.925	10109.939	9951.236	16495.713	9640.867	14039.118	100.397	-7.993	36.574	9021.345	-3.031	-7.388	108.589
1664.715	192.063	11652.218	6904.038	8018.991	11052.842	9117.329	10535.507	9811.84	8654.591	382.291	51.57	2.706	-98.759	340.465	1984.825	1353.71	10164.14	11689.306	7824.121	4425.43	199.269	241.43	10363.381	9402.181	10831.582	10411.376	10066.971	10019.441	16244.925	9724.407	13422.828	78.483	56.835	47.787	8684.296	11.155	-31.836	99.414
1533.67	186.523	11845.253	7023.924	8074.674	11028.442	9171.641	10567.332	9994.19	8720.1	312.995	61.597	29.751	-73.603	377.788	1981.059	1318.936	10011.427	11617.327	7717.935	4311.833	136.321	209.992	10183.44	9259.112	10753.963	10293.957	9950.067	9817.139	16039.061	9605.407	12863.247	58.118	34.098	59.54	8294.696	25.214	-25.239	64.708
1799.849	286.962	11810.498	7099.211	8229.329	11177.45	9331.647	10742.465	10046.803	8838.269	327.331	35.287	20.248	-85.714	363.599	2008.339	1206.131	10327.268	11794.386	7958.883	4370.817	211.683	251.896	10410.052	9453	11107.357	10641.383	10249.923	10085.955	16590.601	9718.888	12513.711	81.023	16.07	32.784	7989.857	18.646	-20.534	118.723
1857.419	313.037	11676.549	6890.519	8033.873	11106.602	9109.198	10450.805	9948.75	8670.551	264.133	33.55	-0.167	-7.313	419.33	2007.559	1200.555	10048.595	11708.36	7822.652	4318.575	188.014	319.722	10189.737	9263.073	10958.09	10373.538	10102.013	9961.175	16215.926	9581.313	12048.141	86.378	39.707	33.208	7687.369	1.526	39	85.75
1869.953	366.439	11702.424	6989.504	8167.826	11068.162	9063.651	10501.198	9913.407	8749.266	286.78	95.126	41.079	-48.672	461.045	1984.308	1329.914	10194.031	11759.688	7868.492	4406.552	197.896	157.833	10414.175	9372.306	11076.405	10486.042	10269.993	10099.189	16229.199	9755.572	11824.648	41.491	44.188	62.857	7587.027	12.171	-12.905	88.805
1602.444	200.325	11907.972	6964.351	8193.651	11120.081	9216.651	10603.076	9937.064	8810.518	300.226	28.716	0.523	-81.327	391.972	1996.096	1270.051	10153.212	11789.25	7938.675	4351.751	171.166	165.735	10398.731	9410.086	10932.601	10516.112	10179.05	10057.246	16381.064	9737.429	12191.848	46.659	-25.811	87.395	7811.373	18.122	33.134	100.887
2865.715	2728.506	3815.802	2086.406	2637.416	3137.392	2494.972	2885.161	2803.75	2441.644	135.358	44.29	14.374	4084.704	5205.043	4072.626	3893.96	2044.671	2118.069	4693.704	6464.966	36.589	23.15	1685.457	1361.442	1645.566	1634.989	1734.988	1568.237	2943.461	1690.131	120.107	144.418	89.452	26.117	71.597	76.454	74.189	83.845
2747.023	2613.77	3833.521	2062.726	2625.788	3241.365	2574.034	2959.152	2930.776	2446.657	144.833	56.483	2.564	3828.962	4781.556	3847.994	3640.711	2104.957	2165.936	4390.167	6027.824	9.789	54.67	1810.921	1373.104	1769.204	1693.215	1785.976	1639.837	3012.505	1734.131	75.706	148.857	72.938	41.215	72.875	51.034	44.983	39.503
2663.088	2498.879	3792.65	2260.998	2712.191	3369.574	2704.528	3084.33	2980.843	2451.981	131.684	30.309	14.954	3790.797	4830.436	3729.309	3625.472	2193.972	2294.933	4531.474	6217.287	30.1	73.109	1987.981	1568.238	1919.851	1840.812	1944.28	1740.105	3228.945	1887.368	61.29	156.387	152.924	24.513	53.015	46.746	59.655	77.519
2646.077	2469.135	4109.095	2343.363	2830.812	3612.894	2750.647	3259.005	3118.729	2693.936	159.862	48.397	4.612	3737.12	4820.596	3682.347	3467.745	2185.376	2381.411	4492.905	6129.257	18.464	17.217	2013.76	1643.169	1962.609	1907.035	1949.095	1795.454	3389.72	1873.997	48.745	128.927	151.413	49.221	111.789	49.66	50.909	51.809
2612.236	2406.732	4231.887	2418.428	2945.825	3673.711	2952.617	3424.615	3361.024	2840.557	148.702	79.369	18.676	3717.534	4803.643	3651.842	3451.184	2289.494	2536.398	4513.728	5952.277	20.546	30.621	2136.929	1715.738	2099.064	2005.366	2120.45	1934.095	3574.364	1981.14	64.937	170.559	139.113	19.832	121.028	-4.075	68.232	45.47
2630.984	2382.562	4323.029	2458.845	2993.444	3860.671	3087.56	3466.686	3301.013	2862.705	174.538	90.887	-29.989	3632.563	4633.967	3654.986	3382.317	2361.673	2567.421	4522.632	5990.878	70.486	37.894	2184.672	1750.551	2173.845	2093.042	2243.32	2024.977	3698.744	2044.55	122.046	116.982	92.655	49.473	122.219	44.57	76.752	30.484
2660.733	2427.23	4485.102	2579.792	3148.19	4014.958	3207.688	3645.872	3512.465	3042.423	172.233	29.539	-28.862	3601.359	4606.698	3507.733	3339.143	2455.473	2725.067	4491.979	5913.431	37.188	66.526	2288.454	1875.189	2245.048	2175.233	2268.685	2103.165	3856.965	2137.412	49.593	155.537	157.954	11.452	132.908	55.666	85.755	60.326
1902.35	921.613	9830.603	6096.459	6989.752	9449.379	7689.434	8785.196	8153.936	7228.116	248.625	4.619	0.185	1869.389	2947.714	2960.054	2295.646	6917.956	7980.176	6393.296	5590.95	92.61	19.858	7095.931	6138.837	7008.112	6968.795	6164.672	6969.604	10388.906	6419.669	106.347	64.463	79.851	-12.133	110.209	44.676	50.23	90.555
2067.525	929.84	9634.537	5739.548	6639.747	9299.431	7492.892	8663.958	8084.037	7067.685	260.673	-2.416	4.527	1739.459	2732.492	2755.629	2172.862	6701.29	7840.746	6197.342	5383.225	109.214	84.864	6914	5897.624	6767.855	6795.33	5993.834	6733.005	10147.879	6237.558	54.522	141.166	123.325	0.895	154.332	60.796	51.322	76.418
2000.934	887.076	9846.101	5973.502	6861.855	9519.143	7620.219	8803.83	8199.996	7139.906	205.957	9.489	42.858	1596.318	2572.907	2684.928	2011.655	6869.408	7992.515	6237.856	5220.901	35.448	51.102	7030.169	6055.713	6987.52	6930.579	6171.312	6883.869	10368.129	6359.178	86.494	100.899	43.333	16.45	142.761	56.442	28.146	83.093
1648.915	582.614	9636.907	5897.587	6742.826	9348.068	7510.672	8629.276	8144.602	7091.432	245.657	31.661	58.05	1424.637	2388.418	2668.845	1967.368	6861.753	7863.728	6092.92	5106.879	66.642	75.671	6860.825	5904.761	6986.969	6851.289	6099.135	6856.195	10295.767	6310.204	79.47	64.887	44.83	7.215	104.387	51.959	-19.96	115.119
1986.643	720.909	9677.133	5740.867	6809.434	9313.317	7552.194	8643.427	7924.868	7121.735	229.008	34.895	29.852	1368.23	2224.175	2485.675	1887.997	6777.847	7881.937	6047.424	4983.612	71.082	58.06	6931.711	6050.177	6878.067	6955.548	6059.037	6940.226	10418.194	6364.332	53.637	34.928	47.714	-5.421	70.802	43.117	18.344	67.755
1653.479	628.178	9839.393	5944.811	6870.864	9521.769	7699.095	8751.289	8162.847	7176.273	194.592	20.942	60.658	1251.116	2097.092	2515.135	1828.187	6872.074	8035.086	6053.983	4844.419	67.293	34.186	7022.742	6026.753	6977.232	6964.406	6099.939	6922.863	10466.118	6341.445	8.269	101.686	43.926	29.68	140.14	40.659	-15.854	85.84
1863.431	656.184	9738.937	5968.637	6906.051	9544.417	7696.114	8749.254	8174.197	7160.929	228.152	5.209	29.056	1254.057	2042.03	2525.786	1846.913	7032.937	8147.32	6066.466	4942.441	33.614	3.877	7142.91	6223.916	7203.619	7208.833	6329.805	7111.884	10528.171	6497.623	60.174	78.107	84.985	4.496	98.169	84.929	43.782	65.469
2485.412	1743.959	7824.669	4145.969	4874.756	6394.134	5232.585	6261.987	5963.662	5206.929	6190.619	5286.424	-0.269	2505.963	3654.888	2604.061	2119.224	3820.952	4484.221	4598.351	4901.374	65.938	69.123	3737.316	3256.463	3878.833	3650.995	3697.109	3457.17	6250.382	3470.705	13.491	88.92	70.186	72.101	112.387	4203.872	2211.973	4185.252
2343.022	1597.035	8317.718	4296.545	5243.567	7090.309	5814.281	6761.463	6395.78	5644.59	6560.212	5717.813	22.949	2527.759	3760.953	2793.578	2258.052	4236.635	4808.244	4915.861	5284.545	10.461	23.091	4118.87	3556.001	4305.832	4021.785	4147.434	3784.041	6879.336	3854.148	81.68	-13.355	29.109	60.476	29	4478.633	2308.354	4229.944
2211.153	1576.099	8509.115	4539.328	5390.702	7192.041	5802.759	6895.081	6576.968	5710.601	6517.967	5613.488	9.16	2503.259	3780.064	2755.107	2236.743	4285.704	4985.987	4942.595	5169.899	20.098	35.666	4201.071	3620.61	4324.106	4096.964	4312.321	3852.202	7056.934	3925.712	24.108	100.1	43.865	64.206	25.569	4312.643	2142.785	4180.132
2226.269	1440.842	8385.426	4441.223	5318.548	7289.091	5860.825	6929.752	6649.294	5698.669	6071.33	5200.378	10.005	2371.51	3486.337	2611.25	2089.92	4288.663	5070.098	4788.714	4885.831	66.571	34.389	4263.314	3706.704	4458.467	4128.371	4186.514	3960.622	6991.853	3946.512	4.041	21.722	90.016	24.013	36.991	4063.115	2102.553	3958.587
2203.833	1461.196	8728.95	4601.625	5545.628	7544.36	6060.025	7174.256	6835.095	5952.204	6398.36	5397.229	14.243	2410.394	3529.401	2753.09	2186.414	4700.097	5396.261	5110.111	5203.198	60.772	38.419	4537.311	3927.976	4717.272	4456.589	4470.638	4215.805	7480.491	4150.663	64.4	85.562	51.419	11.617	43.227	4160.035	2124.656	4045.594
2482.567	1656.918	9300.322	5107.024	6204.334	8248.685	6405.601	7473.257	7152.178	6238.119	6286.995	5301.97	-19.427	2360.065	3575.571	2667.294	2181.814	4936.134	5738.61	5205.817	5172.518	83.593	76.84	4888.342	4211.673	4929.258	4774.27	4845.048	4473.779	7964.206	4412.304	0.638	61.57	56.75	41.373	105.116	4149.054	2048.847	3930.223
2200.606	1436.812	8936.059	4877.791	5761.507	7773.219	6319.281	7436.143	7176.261	6211.651	6123.608	5216.839	-5.202	2297.26	3476.98	2804.286	2175.278	5142.63	5848.595	5330.558	5273.058	81.024	63.121	4940.004	4315.735	5133.349	4834.209	4937.577	4607.211	8266.902	4623.174	90.623	59.575	25.626	66.637	117.095	4174.17	2105.406	3884.49
2369.804	1859.152	6429.72	3752.015	4405.89	5714.325	4380.044	5147.344	4980.976	4317.015	2536.937	1977.572	1.278	2592.75	3504.058	2689.838	2341.292	2876.789	3368.177	4038.825	4712.225	30.214	26.253	2813.029	2374.526	2850.826	2707.402	2908.903	2599.984	4713.365	2663.179	100.556	70.506	17.554	33.154	48.871	1027.428	446.199	893.241
2075.157	1598.078	6467.586	3513.405	4229.938	5751.696	4648.789	5470.869	5307.401	4531.699	2575.218	2037.815	-8.341	2486.198	3557.228	2677.887	2349.724	3234.339	3644.976	4221.786	4859.435	42.079	41.683	3164.007	2669.936	3137.091	2941.579	3108.601	2893.274	5154.329	2877.885	33.597	75.542	80.533	25.514	18.51	1096.27	438.329	760.786
2215.342	1641.613	6591.035	3624.576	4357.528	5920.592	4948.306	5691.738	5354.356	4658.325	2520.478	1924.363	-24.149	2425.318	3473.565	2698.646	2259.176	3430.808	3859.999	4297.65	4727.023	13.031	28.356	3309.381	2853.881	3424.864	3276.093	3397.102	3013.804	5553.182	3101.921	51.903	56.333	80.734	12.496	22.606	1021.372	394.735	763.807
1913.599	1365.343	7166.012	4200.692	5190.211	6390.691	5062.675	5853.651	5614.878	4879.802	2295.197	1830.343	2.938	2347.201	3320.059	2643.985	2182.584	3448.756	4042.009	4239.506	4685.463	29.748	27.615	3347.769	2941.57	3546.173	3356.746	3431.015	3179.486	5636.798	3088.443	12.371	57.842	76.259	12.101	87.184	902.188	358.335	680.976
1788.167	1189.673	7035.856	3946.275	4670.16	6308.225	5052.591	5927.917	5658.399	4911.2	2163.512	1678.451	-2.894	2277.365	3207.623	2585.804	2185.535	3632.395	4199.992	4332.756	4711.636	85.084	23.141	3515.531	3125.822	3731.864	3470.898	3629.697	3283.931	5867.458	3301.046	67.44	135.618	116.17	63.534	84.645	902.544	390.578	648.646
1816.423	1144.285	7093.76	3972.626	4682.454	6428.348	5201.77	6034.172	5835.8	5003.592	2096.515	1707.825	2.903	2302.305	3208.249	2659.527	2174.68	3732.475	4183.701	4244.338	4602.534	124.886	57.232	3683.655	3145.02	3742.218	3583.445	3735.08	3307.943	5964.015	3262.156	102.722	65.78	80.639	36.709	30.533	889.111	325.547	657.094
1649.921	982.205	7217.75	4063.29	4906.339	6516.307	5293.305	6081.638	5799.302	5142.433	2055.508	1659.43	29.073	2140.764	3125.649	2526.921	2160.233	3948.199	4523.164	4354.526	4573.919	51.835	59.122	3769.337	3322.585	4051.225	3806.135	4011.617	3630.041	6443.198	3629.781	38.405	85.564	73.133	-1.747	108.051	836.644	291.939	592.635
